(kicad_pcb (version 20171130) (host pcbnew "(5.1.4)-1")

  (general
    (thickness 1.6)
    (drawings 0)
    (tracks 0)
    (zones 0)
    (modules 13)
    (nets 38)
  )

  (page A4)
  (layers
    (0 F.Cu signal)
    (31 B.Cu signal)
    (32 B.Adhes user)
    (33 F.Adhes user)
    (34 B.Paste user)
    (35 F.Paste user)
    (36 B.SilkS user)
    (37 F.SilkS user)
    (38 B.Mask user)
    (39 F.Mask user)
    (40 Dwgs.User user hide)
    (41 Cmts.User user)
    (42 Eco1.User user)
    (43 Eco2.User user)
    (44 Edge.Cuts user)
    (45 Margin user)
    (46 B.CrtYd user hide)
    (47 F.CrtYd user)
    (48 B.Fab user)
    (49 F.Fab user hide)
  )

  (setup
    (last_trace_width 0.25)
    (trace_clearance 0.2)
    (zone_clearance 0.508)
    (zone_45_only no)
    (trace_min 0.2)
    (via_size 0.8)
    (via_drill 0.4)
    (via_min_size 0.4)
    (via_min_drill 0.3)
    (uvia_size 0.3)
    (uvia_drill 0.1)
    (uvias_allowed no)
    (uvia_min_size 0.2)
    (uvia_min_drill 0.1)
    (edge_width 0.05)
    (segment_width 0.2)
    (pcb_text_width 0.3)
    (pcb_text_size 1.5 1.5)
    (mod_edge_width 0.12)
    (mod_text_size 1 1)
    (mod_text_width 0.15)
    (pad_size 1.524 1.524)
    (pad_drill 0.762)
    (pad_to_mask_clearance 0.051)
    (solder_mask_min_width 0.25)
    (aux_axis_origin 0 0)
    (visible_elements FFFFFF7F)
    (pcbplotparams
      (layerselection 0x010fc_ffffffff)
      (usegerberextensions false)
      (usegerberattributes false)
      (usegerberadvancedattributes false)
      (creategerberjobfile false)
      (excludeedgelayer true)
      (linewidth 0.100000)
      (plotframeref false)
      (viasonmask false)
      (mode 1)
      (useauxorigin false)
      (hpglpennumber 1)
      (hpglpenspeed 20)
      (hpglpendiameter 15.000000)
      (psnegative false)
      (psa4output false)
      (plotreference true)
      (plotvalue true)
      (plotinvisibletext false)
      (padsonsilk false)
      (subtractmaskfromsilk false)
      (outputformat 1)
      (mirror false)
      (drillshape 1)
      (scaleselection 1)
      (outputdirectory ""))
  )

  (net 0 "")
  (net 1 GND)
  (net 2 +3V3)
  (net 3 "Net-(R1-Pad1)")
  (net 4 /INT1_ACCEL_5)
  (net 5 /INT2_ACCEL_5)
  (net 6 "Net-(R2-Pad1)")
  (net 7 "Net-(R3-Pad2)")
  (net 8 /INT4_GYRO_5)
  (net 9 /INT3_GYRO_5)
  (net 10 "Net-(R4-Pad2)")
  (net 11 /INT1_ACCEL)
  (net 12 /INT2_ACCEL)
  (net 13 /INT3_GYRO)
  (net 14 /INT4_GYRO)
  (net 15 "Net-(U1-Pad4)")
  (net 16 "Net-(U1-Pad5)")
  (net 17 "Net-(U1-Pad11)")
  (net 18 "Net-(U1-Pad12)")
  (net 19 "Net-(U1-Pad13)")
  (net 20 "Net-(U1-Pad16)")
  (net 21 "Net-(U2-Pad5)")
  (net 22 /A0_ACCEL)
  (net 23 /A0_GYRO)
  (net 24 /SDA)
  (net 25 /SCL)
  (net 26 "Net-(U3-Pad16)")
  (net 27 "Net-(U3-Pad15)")
  (net 28 "Net-(U3-Pad14)")
  (net 29 "Net-(U3-Pad13)")
  (net 30 /CS_GYRO)
  (net 31 /CS_GYRO_5)
  (net 32 /CS_ACCEL)
  (net 33 /CS_ACCEL_5)
  (net 34 /CS_SD_5)
  (net 35 /CS_SD)
  (net 36 /SDA_5)
  (net 37 /SCL_5)

  (net_class Default "This is the default net class."
    (clearance 0.2)
    (trace_width 0.25)
    (via_dia 0.8)
    (via_drill 0.4)
    (uvia_dia 0.3)
    (uvia_drill 0.1)
    (add_net +3V3)
    (add_net /A0_ACCEL)
    (add_net /A0_GYRO)
    (add_net /CS_ACCEL)
    (add_net /CS_ACCEL_5)
    (add_net /CS_GYRO)
    (add_net /CS_GYRO_5)
    (add_net /CS_SD)
    (add_net /CS_SD_5)
    (add_net /INT1_ACCEL)
    (add_net /INT1_ACCEL_5)
    (add_net /INT2_ACCEL)
    (add_net /INT2_ACCEL_5)
    (add_net /INT3_GYRO)
    (add_net /INT3_GYRO_5)
    (add_net /INT4_GYRO)
    (add_net /INT4_GYRO_5)
    (add_net /SCL)
    (add_net /SCL_5)
    (add_net /SDA)
    (add_net /SDA_5)
    (add_net GND)
    (add_net "Net-(R1-Pad1)")
    (add_net "Net-(R2-Pad1)")
    (add_net "Net-(R3-Pad2)")
    (add_net "Net-(R4-Pad2)")
    (add_net "Net-(U1-Pad11)")
    (add_net "Net-(U1-Pad12)")
    (add_net "Net-(U1-Pad13)")
    (add_net "Net-(U1-Pad16)")
    (add_net "Net-(U1-Pad4)")
    (add_net "Net-(U1-Pad5)")
    (add_net "Net-(U2-Pad5)")
    (add_net "Net-(U3-Pad13)")
    (add_net "Net-(U3-Pad14)")
    (add_net "Net-(U3-Pad15)")
    (add_net "Net-(U3-Pad16)")
  )

  (module footprints:C_0603_1608Metric (layer F.Cu) (tedit 5B301BBE) (tstamp 5FF656AB)
    (at 98.5775 99.822 180)
    (descr "Capacitor SMD 0603 (1608 Metric), square (rectangular) end terminal, IPC_7351 nominal, (Body size source: http://www.tortai-tech.com/upload/download/2011102023233369053.pdf), generated with kicad-footprint-generator")
    (tags capacitor)
    (path /5FC2CB9A)
    (attr smd)
    (fp_text reference C1 (at 0 -1.43) (layer F.SilkS)
      (effects (font (size 1 1) (thickness 0.15)))
    )
    (fp_text value C_100nF (at 0 1.43) (layer F.Fab)
      (effects (font (size 1 1) (thickness 0.15)))
    )
    (fp_text user %R (at 0 0) (layer F.Fab)
      (effects (font (size 0.4 0.4) (thickness 0.06)))
    )
    (fp_line (start 1.48 0.73) (end -1.48 0.73) (layer F.CrtYd) (width 0.05))
    (fp_line (start 1.48 -0.73) (end 1.48 0.73) (layer F.CrtYd) (width 0.05))
    (fp_line (start -1.48 -0.73) (end 1.48 -0.73) (layer F.CrtYd) (width 0.05))
    (fp_line (start -1.48 0.73) (end -1.48 -0.73) (layer F.CrtYd) (width 0.05))
    (fp_line (start -0.162779 0.51) (end 0.162779 0.51) (layer F.SilkS) (width 0.12))
    (fp_line (start -0.162779 -0.51) (end 0.162779 -0.51) (layer F.SilkS) (width 0.12))
    (fp_line (start 0.8 0.4) (end -0.8 0.4) (layer F.Fab) (width 0.1))
    (fp_line (start 0.8 -0.4) (end 0.8 0.4) (layer F.Fab) (width 0.1))
    (fp_line (start -0.8 -0.4) (end 0.8 -0.4) (layer F.Fab) (width 0.1))
    (fp_line (start -0.8 0.4) (end -0.8 -0.4) (layer F.Fab) (width 0.1))
    (pad 2 smd roundrect (at 0.7875 0 180) (size 0.875 0.95) (layers F.Cu F.Paste F.Mask) (roundrect_rratio 0.25)
      (net 1 GND))
    (pad 1 smd roundrect (at -0.7875 0 180) (size 0.875 0.95) (layers F.Cu F.Paste F.Mask) (roundrect_rratio 0.25)
      (net 2 +3V3))
    (model ${KISYS3DMOD}/Capacitor_SMD.3dshapes/C_0603_1608Metric.wrl
      (at (xyz 0 0 0))
      (scale (xyz 1 1 1))
      (rotate (xyz 0 0 0))
    )
  )

  (module footprints:C_0603_1608Metric (layer F.Cu) (tedit 5B301BBE) (tstamp 5FF656BC)
    (at 98.806 103.124 180)
    (descr "Capacitor SMD 0603 (1608 Metric), square (rectangular) end terminal, IPC_7351 nominal, (Body size source: http://www.tortai-tech.com/upload/download/2011102023233369053.pdf), generated with kicad-footprint-generator")
    (tags capacitor)
    (path /5FC2CC3A)
    (attr smd)
    (fp_text reference C2 (at 0 -1.43) (layer F.SilkS)
      (effects (font (size 1 1) (thickness 0.15)))
    )
    (fp_text value C_100nF (at 0 1.43) (layer F.Fab)
      (effects (font (size 1 1) (thickness 0.15)))
    )
    (fp_line (start -0.8 0.4) (end -0.8 -0.4) (layer F.Fab) (width 0.1))
    (fp_line (start -0.8 -0.4) (end 0.8 -0.4) (layer F.Fab) (width 0.1))
    (fp_line (start 0.8 -0.4) (end 0.8 0.4) (layer F.Fab) (width 0.1))
    (fp_line (start 0.8 0.4) (end -0.8 0.4) (layer F.Fab) (width 0.1))
    (fp_line (start -0.162779 -0.51) (end 0.162779 -0.51) (layer F.SilkS) (width 0.12))
    (fp_line (start -0.162779 0.51) (end 0.162779 0.51) (layer F.SilkS) (width 0.12))
    (fp_line (start -1.48 0.73) (end -1.48 -0.73) (layer F.CrtYd) (width 0.05))
    (fp_line (start -1.48 -0.73) (end 1.48 -0.73) (layer F.CrtYd) (width 0.05))
    (fp_line (start 1.48 -0.73) (end 1.48 0.73) (layer F.CrtYd) (width 0.05))
    (fp_line (start 1.48 0.73) (end -1.48 0.73) (layer F.CrtYd) (width 0.05))
    (fp_text user %R (at 0 0) (layer F.Fab)
      (effects (font (size 0.4 0.4) (thickness 0.06)))
    )
    (pad 1 smd roundrect (at -0.7875 0 180) (size 0.875 0.95) (layers F.Cu F.Paste F.Mask) (roundrect_rratio 0.25)
      (net 2 +3V3))
    (pad 2 smd roundrect (at 0.7875 0 180) (size 0.875 0.95) (layers F.Cu F.Paste F.Mask) (roundrect_rratio 0.25)
      (net 1 GND))
    (model ${KISYS3DMOD}/Capacitor_SMD.3dshapes/C_0603_1608Metric.wrl
      (at (xyz 0 0 0))
      (scale (xyz 1 1 1))
      (rotate (xyz 0 0 0))
    )
  )

  (module footprints:R_0603_1608Metric (layer F.Cu) (tedit 5B301BBD) (tstamp 5FF656CD)
    (at 94.7165 115.824)
    (descr "Resistor SMD 0603 (1608 Metric), square (rectangular) end terminal, IPC_7351 nominal, (Body size source: http://www.tortai-tech.com/upload/download/2011102023233369053.pdf), generated with kicad-footprint-generator")
    (tags resistor)
    (path /5FC2D75B)
    (attr smd)
    (fp_text reference R1 (at 0 -1.43) (layer F.SilkS)
      (effects (font (size 1 1) (thickness 0.15)))
    )
    (fp_text value R_0 (at 0 1.43) (layer F.Fab)
      (effects (font (size 1 1) (thickness 0.15)))
    )
    (fp_line (start -0.8 0.4) (end -0.8 -0.4) (layer F.Fab) (width 0.1))
    (fp_line (start -0.8 -0.4) (end 0.8 -0.4) (layer F.Fab) (width 0.1))
    (fp_line (start 0.8 -0.4) (end 0.8 0.4) (layer F.Fab) (width 0.1))
    (fp_line (start 0.8 0.4) (end -0.8 0.4) (layer F.Fab) (width 0.1))
    (fp_line (start -0.162779 -0.51) (end 0.162779 -0.51) (layer F.SilkS) (width 0.12))
    (fp_line (start -0.162779 0.51) (end 0.162779 0.51) (layer F.SilkS) (width 0.12))
    (fp_line (start -1.48 0.73) (end -1.48 -0.73) (layer F.CrtYd) (width 0.05))
    (fp_line (start -1.48 -0.73) (end 1.48 -0.73) (layer F.CrtYd) (width 0.05))
    (fp_line (start 1.48 -0.73) (end 1.48 0.73) (layer F.CrtYd) (width 0.05))
    (fp_line (start 1.48 0.73) (end -1.48 0.73) (layer F.CrtYd) (width 0.05))
    (fp_text user %R (at 0 0) (layer F.Fab)
      (effects (font (size 0.4 0.4) (thickness 0.06)))
    )
    (pad 1 smd roundrect (at -0.7875 0) (size 0.875 0.95) (layers F.Cu F.Paste F.Mask) (roundrect_rratio 0.25)
      (net 3 "Net-(R1-Pad1)"))
    (pad 2 smd roundrect (at 0.7875 0) (size 0.875 0.95) (layers F.Cu F.Paste F.Mask) (roundrect_rratio 0.25)
      (net 4 /INT1_ACCEL_5))
    (model ${KISYS3DMOD}/Resistor_SMD.3dshapes/R_0603_1608Metric.wrl
      (at (xyz 0 0 0))
      (scale (xyz 1 1 1))
      (rotate (xyz 0 0 0))
    )
  )

  (module footprints:R_0603_1608Metric (layer F.Cu) (tedit 5B301BBD) (tstamp 5FF656DE)
    (at 93.4465 104.902)
    (descr "Resistor SMD 0603 (1608 Metric), square (rectangular) end terminal, IPC_7351 nominal, (Body size source: http://www.tortai-tech.com/upload/download/2011102023233369053.pdf), generated with kicad-footprint-generator")
    (tags resistor)
    (path /5FC975C3)
    (attr smd)
    (fp_text reference R2 (at 0 -1.43) (layer F.SilkS)
      (effects (font (size 1 1) (thickness 0.15)))
    )
    (fp_text value R_0 (at 0 1.43) (layer F.Fab)
      (effects (font (size 1 1) (thickness 0.15)))
    )
    (fp_text user %R (at 0 0) (layer F.Fab)
      (effects (font (size 0.4 0.4) (thickness 0.06)))
    )
    (fp_line (start 1.48 0.73) (end -1.48 0.73) (layer F.CrtYd) (width 0.05))
    (fp_line (start 1.48 -0.73) (end 1.48 0.73) (layer F.CrtYd) (width 0.05))
    (fp_line (start -1.48 -0.73) (end 1.48 -0.73) (layer F.CrtYd) (width 0.05))
    (fp_line (start -1.48 0.73) (end -1.48 -0.73) (layer F.CrtYd) (width 0.05))
    (fp_line (start -0.162779 0.51) (end 0.162779 0.51) (layer F.SilkS) (width 0.12))
    (fp_line (start -0.162779 -0.51) (end 0.162779 -0.51) (layer F.SilkS) (width 0.12))
    (fp_line (start 0.8 0.4) (end -0.8 0.4) (layer F.Fab) (width 0.1))
    (fp_line (start 0.8 -0.4) (end 0.8 0.4) (layer F.Fab) (width 0.1))
    (fp_line (start -0.8 -0.4) (end 0.8 -0.4) (layer F.Fab) (width 0.1))
    (fp_line (start -0.8 0.4) (end -0.8 -0.4) (layer F.Fab) (width 0.1))
    (pad 2 smd roundrect (at 0.7875 0) (size 0.875 0.95) (layers F.Cu F.Paste F.Mask) (roundrect_rratio 0.25)
      (net 5 /INT2_ACCEL_5))
    (pad 1 smd roundrect (at -0.7875 0) (size 0.875 0.95) (layers F.Cu F.Paste F.Mask) (roundrect_rratio 0.25)
      (net 6 "Net-(R2-Pad1)"))
    (model ${KISYS3DMOD}/Resistor_SMD.3dshapes/R_0603_1608Metric.wrl
      (at (xyz 0 0 0))
      (scale (xyz 1 1 1))
      (rotate (xyz 0 0 0))
    )
  )

  (module footprints:R_0603_1608Metric (layer F.Cu) (tedit 5B301BBD) (tstamp 5FF656EF)
    (at 79.4765 115.316)
    (descr "Resistor SMD 0603 (1608 Metric), square (rectangular) end terminal, IPC_7351 nominal, (Body size source: http://www.tortai-tech.com/upload/download/2011102023233369053.pdf), generated with kicad-footprint-generator")
    (tags resistor)
    (path /5FCE02AE)
    (attr smd)
    (fp_text reference R3 (at -3.0225 -0.254) (layer F.SilkS)
      (effects (font (size 1 1) (thickness 0.15)))
    )
    (fp_text value R_0 (at 0 1.43) (layer F.Fab)
      (effects (font (size 1 1) (thickness 0.15)))
    )
    (fp_text user %R (at 0 0) (layer F.Fab)
      (effects (font (size 0.4 0.4) (thickness 0.06)))
    )
    (fp_line (start 1.48 0.73) (end -1.48 0.73) (layer F.CrtYd) (width 0.05))
    (fp_line (start 1.48 -0.73) (end 1.48 0.73) (layer F.CrtYd) (width 0.05))
    (fp_line (start -1.48 -0.73) (end 1.48 -0.73) (layer F.CrtYd) (width 0.05))
    (fp_line (start -1.48 0.73) (end -1.48 -0.73) (layer F.CrtYd) (width 0.05))
    (fp_line (start -0.162779 0.51) (end 0.162779 0.51) (layer F.SilkS) (width 0.12))
    (fp_line (start -0.162779 -0.51) (end 0.162779 -0.51) (layer F.SilkS) (width 0.12))
    (fp_line (start 0.8 0.4) (end -0.8 0.4) (layer F.Fab) (width 0.1))
    (fp_line (start 0.8 -0.4) (end 0.8 0.4) (layer F.Fab) (width 0.1))
    (fp_line (start -0.8 -0.4) (end 0.8 -0.4) (layer F.Fab) (width 0.1))
    (fp_line (start -0.8 0.4) (end -0.8 -0.4) (layer F.Fab) (width 0.1))
    (pad 2 smd roundrect (at 0.7875 0) (size 0.875 0.95) (layers F.Cu F.Paste F.Mask) (roundrect_rratio 0.25)
      (net 7 "Net-(R3-Pad2)"))
    (pad 1 smd roundrect (at -0.7875 0) (size 0.875 0.95) (layers F.Cu F.Paste F.Mask) (roundrect_rratio 0.25)
      (net 8 /INT4_GYRO_5))
    (model ${KISYS3DMOD}/Resistor_SMD.3dshapes/R_0603_1608Metric.wrl
      (at (xyz 0 0 0))
      (scale (xyz 1 1 1))
      (rotate (xyz 0 0 0))
    )
  )

  (module footprints:R_0603_1608Metric (layer F.Cu) (tedit 5B301BBD) (tstamp 5FF65700)
    (at 77.4445 109.474)
    (descr "Resistor SMD 0603 (1608 Metric), square (rectangular) end terminal, IPC_7351 nominal, (Body size source: http://www.tortai-tech.com/upload/download/2011102023233369053.pdf), generated with kicad-footprint-generator")
    (tags resistor)
    (path /5FCC3F09)
    (attr smd)
    (fp_text reference R4 (at 0 -1.43) (layer F.SilkS)
      (effects (font (size 1 1) (thickness 0.15)))
    )
    (fp_text value R_0 (at 0 1.43) (layer F.Fab)
      (effects (font (size 1 1) (thickness 0.15)))
    )
    (fp_line (start -0.8 0.4) (end -0.8 -0.4) (layer F.Fab) (width 0.1))
    (fp_line (start -0.8 -0.4) (end 0.8 -0.4) (layer F.Fab) (width 0.1))
    (fp_line (start 0.8 -0.4) (end 0.8 0.4) (layer F.Fab) (width 0.1))
    (fp_line (start 0.8 0.4) (end -0.8 0.4) (layer F.Fab) (width 0.1))
    (fp_line (start -0.162779 -0.51) (end 0.162779 -0.51) (layer F.SilkS) (width 0.12))
    (fp_line (start -0.162779 0.51) (end 0.162779 0.51) (layer F.SilkS) (width 0.12))
    (fp_line (start -1.48 0.73) (end -1.48 -0.73) (layer F.CrtYd) (width 0.05))
    (fp_line (start -1.48 -0.73) (end 1.48 -0.73) (layer F.CrtYd) (width 0.05))
    (fp_line (start 1.48 -0.73) (end 1.48 0.73) (layer F.CrtYd) (width 0.05))
    (fp_line (start 1.48 0.73) (end -1.48 0.73) (layer F.CrtYd) (width 0.05))
    (fp_text user %R (at 0 0) (layer F.Fab)
      (effects (font (size 0.4 0.4) (thickness 0.06)))
    )
    (pad 1 smd roundrect (at -0.7875 0) (size 0.875 0.95) (layers F.Cu F.Paste F.Mask) (roundrect_rratio 0.25)
      (net 9 /INT3_GYRO_5))
    (pad 2 smd roundrect (at 0.7875 0) (size 0.875 0.95) (layers F.Cu F.Paste F.Mask) (roundrect_rratio 0.25)
      (net 10 "Net-(R4-Pad2)"))
    (model ${KISYS3DMOD}/Resistor_SMD.3dshapes/R_0603_1608Metric.wrl
      (at (xyz 0 0 0))
      (scale (xyz 1 1 1))
      (rotate (xyz 0 0 0))
    )
  )

  (module footprints:R_0603_1608Metric (layer F.Cu) (tedit 5B301BBD) (tstamp 5FF65711)
    (at 94.7165 117.856)
    (descr "Resistor SMD 0603 (1608 Metric), square (rectangular) end terminal, IPC_7351 nominal, (Body size source: http://www.tortai-tech.com/upload/download/2011102023233369053.pdf), generated with kicad-footprint-generator")
    (tags resistor)
    (path /5FC40B5D)
    (attr smd)
    (fp_text reference R5 (at 2.54 0) (layer F.SilkS)
      (effects (font (size 1 1) (thickness 0.15)))
    )
    (fp_text value R_0 (at 0 1.43) (layer F.Fab)
      (effects (font (size 1 1) (thickness 0.15)))
    )
    (fp_text user %R (at 0 0) (layer F.Fab)
      (effects (font (size 0.4 0.4) (thickness 0.06)))
    )
    (fp_line (start 1.48 0.73) (end -1.48 0.73) (layer F.CrtYd) (width 0.05))
    (fp_line (start 1.48 -0.73) (end 1.48 0.73) (layer F.CrtYd) (width 0.05))
    (fp_line (start -1.48 -0.73) (end 1.48 -0.73) (layer F.CrtYd) (width 0.05))
    (fp_line (start -1.48 0.73) (end -1.48 -0.73) (layer F.CrtYd) (width 0.05))
    (fp_line (start -0.162779 0.51) (end 0.162779 0.51) (layer F.SilkS) (width 0.12))
    (fp_line (start -0.162779 -0.51) (end 0.162779 -0.51) (layer F.SilkS) (width 0.12))
    (fp_line (start 0.8 0.4) (end -0.8 0.4) (layer F.Fab) (width 0.1))
    (fp_line (start 0.8 -0.4) (end 0.8 0.4) (layer F.Fab) (width 0.1))
    (fp_line (start -0.8 -0.4) (end 0.8 -0.4) (layer F.Fab) (width 0.1))
    (fp_line (start -0.8 0.4) (end -0.8 -0.4) (layer F.Fab) (width 0.1))
    (pad 2 smd roundrect (at 0.7875 0) (size 0.875 0.95) (layers F.Cu F.Paste F.Mask) (roundrect_rratio 0.25)
      (net 4 /INT1_ACCEL_5))
    (pad 1 smd roundrect (at -0.7875 0) (size 0.875 0.95) (layers F.Cu F.Paste F.Mask) (roundrect_rratio 0.25)
      (net 11 /INT1_ACCEL))
    (model ${KISYS3DMOD}/Resistor_SMD.3dshapes/R_0603_1608Metric.wrl
      (at (xyz 0 0 0))
      (scale (xyz 1 1 1))
      (rotate (xyz 0 0 0))
    )
  )

  (module footprints:R_0603_1608Metric (layer F.Cu) (tedit 5B301BBD) (tstamp 5FF65722)
    (at 95.0215 106.68 180)
    (descr "Resistor SMD 0603 (1608 Metric), square (rectangular) end terminal, IPC_7351 nominal, (Body size source: http://www.tortai-tech.com/upload/download/2011102023233369053.pdf), generated with kicad-footprint-generator")
    (tags resistor)
    (path /5FC4582B)
    (attr smd)
    (fp_text reference R6 (at 0 -1.43) (layer F.SilkS)
      (effects (font (size 1 1) (thickness 0.15)))
    )
    (fp_text value R_0 (at 0 1.43) (layer F.Fab)
      (effects (font (size 1 1) (thickness 0.15)))
    )
    (fp_line (start -0.8 0.4) (end -0.8 -0.4) (layer F.Fab) (width 0.1))
    (fp_line (start -0.8 -0.4) (end 0.8 -0.4) (layer F.Fab) (width 0.1))
    (fp_line (start 0.8 -0.4) (end 0.8 0.4) (layer F.Fab) (width 0.1))
    (fp_line (start 0.8 0.4) (end -0.8 0.4) (layer F.Fab) (width 0.1))
    (fp_line (start -0.162779 -0.51) (end 0.162779 -0.51) (layer F.SilkS) (width 0.12))
    (fp_line (start -0.162779 0.51) (end 0.162779 0.51) (layer F.SilkS) (width 0.12))
    (fp_line (start -1.48 0.73) (end -1.48 -0.73) (layer F.CrtYd) (width 0.05))
    (fp_line (start -1.48 -0.73) (end 1.48 -0.73) (layer F.CrtYd) (width 0.05))
    (fp_line (start 1.48 -0.73) (end 1.48 0.73) (layer F.CrtYd) (width 0.05))
    (fp_line (start 1.48 0.73) (end -1.48 0.73) (layer F.CrtYd) (width 0.05))
    (fp_text user %R (at 0 0) (layer F.Fab)
      (effects (font (size 0.4 0.4) (thickness 0.06)))
    )
    (pad 1 smd roundrect (at -0.7875 0 180) (size 0.875 0.95) (layers F.Cu F.Paste F.Mask) (roundrect_rratio 0.25)
      (net 12 /INT2_ACCEL))
    (pad 2 smd roundrect (at 0.7875 0 180) (size 0.875 0.95) (layers F.Cu F.Paste F.Mask) (roundrect_rratio 0.25)
      (net 5 /INT2_ACCEL_5))
    (model ${KISYS3DMOD}/Resistor_SMD.3dshapes/R_0603_1608Metric.wrl
      (at (xyz 0 0 0))
      (scale (xyz 1 1 1))
      (rotate (xyz 0 0 0))
    )
  )

  (module footprints:R_0603_1608Metric (layer F.Cu) (tedit 5B301BBD) (tstamp 5FF65733)
    (at 77.47 111.506 180)
    (descr "Resistor SMD 0603 (1608 Metric), square (rectangular) end terminal, IPC_7351 nominal, (Body size source: http://www.tortai-tech.com/upload/download/2011102023233369053.pdf), generated with kicad-footprint-generator")
    (tags resistor)
    (path /5FC4F140)
    (attr smd)
    (fp_text reference R7 (at 0 -1.43) (layer F.SilkS)
      (effects (font (size 1 1) (thickness 0.15)))
    )
    (fp_text value R_0 (at 0 1.43) (layer F.Fab)
      (effects (font (size 1 1) (thickness 0.15)))
    )
    (fp_text user %R (at 0 0) (layer F.Fab)
      (effects (font (size 0.4 0.4) (thickness 0.06)))
    )
    (fp_line (start 1.48 0.73) (end -1.48 0.73) (layer F.CrtYd) (width 0.05))
    (fp_line (start 1.48 -0.73) (end 1.48 0.73) (layer F.CrtYd) (width 0.05))
    (fp_line (start -1.48 -0.73) (end 1.48 -0.73) (layer F.CrtYd) (width 0.05))
    (fp_line (start -1.48 0.73) (end -1.48 -0.73) (layer F.CrtYd) (width 0.05))
    (fp_line (start -0.162779 0.51) (end 0.162779 0.51) (layer F.SilkS) (width 0.12))
    (fp_line (start -0.162779 -0.51) (end 0.162779 -0.51) (layer F.SilkS) (width 0.12))
    (fp_line (start 0.8 0.4) (end -0.8 0.4) (layer F.Fab) (width 0.1))
    (fp_line (start 0.8 -0.4) (end 0.8 0.4) (layer F.Fab) (width 0.1))
    (fp_line (start -0.8 -0.4) (end 0.8 -0.4) (layer F.Fab) (width 0.1))
    (fp_line (start -0.8 0.4) (end -0.8 -0.4) (layer F.Fab) (width 0.1))
    (pad 2 smd roundrect (at 0.7875 0 180) (size 0.875 0.95) (layers F.Cu F.Paste F.Mask) (roundrect_rratio 0.25)
      (net 9 /INT3_GYRO_5))
    (pad 1 smd roundrect (at -0.7875 0 180) (size 0.875 0.95) (layers F.Cu F.Paste F.Mask) (roundrect_rratio 0.25)
      (net 13 /INT3_GYRO))
    (model ${KISYS3DMOD}/Resistor_SMD.3dshapes/R_0603_1608Metric.wrl
      (at (xyz 0 0 0))
      (scale (xyz 1 1 1))
      (rotate (xyz 0 0 0))
    )
  )

  (module footprints:R_0603_1608Metric (layer F.Cu) (tedit 5B301BBD) (tstamp 5FF65744)
    (at 79.4765 117.094)
    (descr "Resistor SMD 0603 (1608 Metric), square (rectangular) end terminal, IPC_7351 nominal, (Body size source: http://www.tortai-tech.com/upload/download/2011102023233369053.pdf), generated with kicad-footprint-generator")
    (tags resistor)
    (path /5FC53EB8)
    (attr smd)
    (fp_text reference R8 (at -3.0225 -0.254) (layer F.SilkS)
      (effects (font (size 1 1) (thickness 0.15)))
    )
    (fp_text value R_0 (at 0 1.43) (layer F.Fab)
      (effects (font (size 1 1) (thickness 0.15)))
    )
    (fp_line (start -0.8 0.4) (end -0.8 -0.4) (layer F.Fab) (width 0.1))
    (fp_line (start -0.8 -0.4) (end 0.8 -0.4) (layer F.Fab) (width 0.1))
    (fp_line (start 0.8 -0.4) (end 0.8 0.4) (layer F.Fab) (width 0.1))
    (fp_line (start 0.8 0.4) (end -0.8 0.4) (layer F.Fab) (width 0.1))
    (fp_line (start -0.162779 -0.51) (end 0.162779 -0.51) (layer F.SilkS) (width 0.12))
    (fp_line (start -0.162779 0.51) (end 0.162779 0.51) (layer F.SilkS) (width 0.12))
    (fp_line (start -1.48 0.73) (end -1.48 -0.73) (layer F.CrtYd) (width 0.05))
    (fp_line (start -1.48 -0.73) (end 1.48 -0.73) (layer F.CrtYd) (width 0.05))
    (fp_line (start 1.48 -0.73) (end 1.48 0.73) (layer F.CrtYd) (width 0.05))
    (fp_line (start 1.48 0.73) (end -1.48 0.73) (layer F.CrtYd) (width 0.05))
    (fp_text user %R (at 0 0) (layer F.Fab)
      (effects (font (size 0.4 0.4) (thickness 0.06)))
    )
    (pad 1 smd roundrect (at -0.7875 0) (size 0.875 0.95) (layers F.Cu F.Paste F.Mask) (roundrect_rratio 0.25)
      (net 14 /INT4_GYRO))
    (pad 2 smd roundrect (at 0.7875 0) (size 0.875 0.95) (layers F.Cu F.Paste F.Mask) (roundrect_rratio 0.25)
      (net 8 /INT4_GYRO_5))
    (model ${KISYS3DMOD}/Resistor_SMD.3dshapes/R_0603_1608Metric.wrl
      (at (xyz 0 0 0))
      (scale (xyz 1 1 1))
      (rotate (xyz 0 0 0))
    )
  )

  (module footprints:CD74HC4050NSR (layer F.Cu) (tedit 0) (tstamp 5FF657B1)
    (at 86.6902 113.919 180)
    (path /5FC2D369)
    (fp_text reference U1 (at 0 8.763) (layer F.SilkS)
      (effects (font (size 1 1) (thickness 0.15)))
    )
    (fp_text value CD74HC4050NSR (at 0 6.985) (layer F.SilkS)
      (effects (font (size 1 1) (thickness 0.15)))
    )
    (fp_text user "Copyright 2016 Accelerated Designs. All rights reserved." (at 0 0) (layer Cmts.User)
      (effects (font (size 0.127 0.127) (thickness 0.002)))
    )
    (fp_text user * (at -3.6322 -6.1468) (layer F.SilkS)
      (effects (font (size 1 1) (thickness 0.15)))
    )
    (fp_text user * (at -3.6322 -6.1468) (layer F.Fab)
      (effects (font (size 1 1) (thickness 0.15)))
    )
    (fp_text user .05in/1.27mm (at -6.4262 -3.81) (layer Dwgs.User)
      (effects (font (size 1 1) (thickness 0.15)))
    )
    (fp_text user .022in/.559mm (at 6.4262 -4.445) (layer Dwgs.User)
      (effects (font (size 1 1) (thickness 0.15)))
    )
    (fp_text user .266in/6.756mm (at 0 -7.6581) (layer Dwgs.User)
      (effects (font (size 1 1) (thickness 0.15)))
    )
    (fp_text user .085in/2.159mm (at -3.3782 7.6581) (layer Dwgs.User)
      (effects (font (size 1 1) (thickness 0.15)))
    )
    (fp_text user * (at -3.6322 -6.1468) (layer F.Fab)
      (effects (font (size 1 1) (thickness 0.15)))
    )
    (fp_text user * (at -3.6322 -6.1468) (layer F.SilkS)
      (effects (font (size 1 1) (thickness 0.15)))
    )
    (fp_line (start -2.794 -4.191) (end -2.794 -4.699) (layer F.Fab) (width 0.1524))
    (fp_line (start -2.794 -4.699) (end -4.1021 -4.699) (layer F.Fab) (width 0.1524))
    (fp_line (start -4.1021 -4.699) (end -4.1021 -4.191) (layer F.Fab) (width 0.1524))
    (fp_line (start -4.1021 -4.191) (end -2.794 -4.191) (layer F.Fab) (width 0.1524))
    (fp_line (start -2.794 -2.921) (end -2.794 -3.429) (layer F.Fab) (width 0.1524))
    (fp_line (start -2.794 -3.429) (end -4.1021 -3.429) (layer F.Fab) (width 0.1524))
    (fp_line (start -4.1021 -3.429) (end -4.1021 -2.921) (layer F.Fab) (width 0.1524))
    (fp_line (start -4.1021 -2.921) (end -2.794 -2.921) (layer F.Fab) (width 0.1524))
    (fp_line (start -2.794 -1.651) (end -2.794 -2.159) (layer F.Fab) (width 0.1524))
    (fp_line (start -2.794 -2.159) (end -4.1021 -2.159) (layer F.Fab) (width 0.1524))
    (fp_line (start -4.1021 -2.159) (end -4.1021 -1.651) (layer F.Fab) (width 0.1524))
    (fp_line (start -4.1021 -1.651) (end -2.794 -1.651) (layer F.Fab) (width 0.1524))
    (fp_line (start -2.794 -0.381) (end -2.794 -0.889) (layer F.Fab) (width 0.1524))
    (fp_line (start -2.794 -0.889) (end -4.1021 -0.889) (layer F.Fab) (width 0.1524))
    (fp_line (start -4.1021 -0.889) (end -4.1021 -0.381) (layer F.Fab) (width 0.1524))
    (fp_line (start -4.1021 -0.381) (end -2.794 -0.381) (layer F.Fab) (width 0.1524))
    (fp_line (start -2.794 0.889) (end -2.794 0.381) (layer F.Fab) (width 0.1524))
    (fp_line (start -2.794 0.381) (end -4.1021 0.381) (layer F.Fab) (width 0.1524))
    (fp_line (start -4.1021 0.381) (end -4.1021 0.889) (layer F.Fab) (width 0.1524))
    (fp_line (start -4.1021 0.889) (end -2.794 0.889) (layer F.Fab) (width 0.1524))
    (fp_line (start -2.794 2.159) (end -2.794 1.651) (layer F.Fab) (width 0.1524))
    (fp_line (start -2.794 1.651) (end -4.1021 1.651) (layer F.Fab) (width 0.1524))
    (fp_line (start -4.1021 1.651) (end -4.1021 2.159) (layer F.Fab) (width 0.1524))
    (fp_line (start -4.1021 2.159) (end -2.794 2.159) (layer F.Fab) (width 0.1524))
    (fp_line (start -2.794 3.429) (end -2.794 2.921) (layer F.Fab) (width 0.1524))
    (fp_line (start -2.794 2.921) (end -4.1021 2.921) (layer F.Fab) (width 0.1524))
    (fp_line (start -4.1021 2.921) (end -4.1021 3.429) (layer F.Fab) (width 0.1524))
    (fp_line (start -4.1021 3.429) (end -2.794 3.429) (layer F.Fab) (width 0.1524))
    (fp_line (start -2.794 4.699) (end -2.794 4.191) (layer F.Fab) (width 0.1524))
    (fp_line (start -2.794 4.191) (end -4.1021 4.191) (layer F.Fab) (width 0.1524))
    (fp_line (start -4.1021 4.191) (end -4.1021 4.699) (layer F.Fab) (width 0.1524))
    (fp_line (start -4.1021 4.699) (end -2.794 4.699) (layer F.Fab) (width 0.1524))
    (fp_line (start 2.794 4.191) (end 2.794 4.699) (layer F.Fab) (width 0.1524))
    (fp_line (start 2.794 4.699) (end 4.1021 4.699) (layer F.Fab) (width 0.1524))
    (fp_line (start 4.1021 4.699) (end 4.1021 4.191) (layer F.Fab) (width 0.1524))
    (fp_line (start 4.1021 4.191) (end 2.794 4.191) (layer F.Fab) (width 0.1524))
    (fp_line (start 2.794 2.921) (end 2.794 3.429) (layer F.Fab) (width 0.1524))
    (fp_line (start 2.794 3.429) (end 4.1021 3.429) (layer F.Fab) (width 0.1524))
    (fp_line (start 4.1021 3.429) (end 4.1021 2.921) (layer F.Fab) (width 0.1524))
    (fp_line (start 4.1021 2.921) (end 2.794 2.921) (layer F.Fab) (width 0.1524))
    (fp_line (start 2.794 1.651) (end 2.794 2.159) (layer F.Fab) (width 0.1524))
    (fp_line (start 2.794 2.159) (end 4.1021 2.159) (layer F.Fab) (width 0.1524))
    (fp_line (start 4.1021 2.159) (end 4.1021 1.651) (layer F.Fab) (width 0.1524))
    (fp_line (start 4.1021 1.651) (end 2.794 1.651) (layer F.Fab) (width 0.1524))
    (fp_line (start 2.794 0.381) (end 2.794 0.889) (layer F.Fab) (width 0.1524))
    (fp_line (start 2.794 0.889) (end 4.1021 0.889) (layer F.Fab) (width 0.1524))
    (fp_line (start 4.1021 0.889) (end 4.1021 0.381) (layer F.Fab) (width 0.1524))
    (fp_line (start 4.1021 0.381) (end 2.794 0.381) (layer F.Fab) (width 0.1524))
    (fp_line (start 2.794 -0.889) (end 2.794 -0.381) (layer F.Fab) (width 0.1524))
    (fp_line (start 2.794 -0.381) (end 4.1021 -0.381) (layer F.Fab) (width 0.1524))
    (fp_line (start 4.1021 -0.381) (end 4.1021 -0.889) (layer F.Fab) (width 0.1524))
    (fp_line (start 4.1021 -0.889) (end 2.794 -0.889) (layer F.Fab) (width 0.1524))
    (fp_line (start 2.794 -2.159) (end 2.794 -1.651) (layer F.Fab) (width 0.1524))
    (fp_line (start 2.794 -1.651) (end 4.1021 -1.651) (layer F.Fab) (width 0.1524))
    (fp_line (start 4.1021 -1.651) (end 4.1021 -2.159) (layer F.Fab) (width 0.1524))
    (fp_line (start 4.1021 -2.159) (end 2.794 -2.159) (layer F.Fab) (width 0.1524))
    (fp_line (start 2.794 -3.429) (end 2.794 -2.921) (layer F.Fab) (width 0.1524))
    (fp_line (start 2.794 -2.921) (end 4.1021 -2.921) (layer F.Fab) (width 0.1524))
    (fp_line (start 4.1021 -2.921) (end 4.1021 -3.429) (layer F.Fab) (width 0.1524))
    (fp_line (start 4.1021 -3.429) (end 2.794 -3.429) (layer F.Fab) (width 0.1524))
    (fp_line (start 2.794 -4.699) (end 2.794 -4.191) (layer F.Fab) (width 0.1524))
    (fp_line (start 2.794 -4.191) (end 4.1021 -4.191) (layer F.Fab) (width 0.1524))
    (fp_line (start 4.1021 -4.191) (end 4.1021 -4.699) (layer F.Fab) (width 0.1524))
    (fp_line (start 4.1021 -4.699) (end 2.794 -4.699) (layer F.Fab) (width 0.1524))
    (fp_line (start -2.794 5.2451) (end 2.794 5.2451) (layer F.SilkS) (width 0.1524))
    (fp_line (start 2.794 -5.2451) (end -2.794 -5.2451) (layer F.SilkS) (width 0.1524))
    (fp_line (start -2.794 5.2451) (end 2.794 5.2451) (layer F.Fab) (width 0.1524))
    (fp_line (start 2.794 5.2451) (end 2.794 -5.2451) (layer F.Fab) (width 0.1524))
    (fp_line (start 2.794 -5.2451) (end -2.794 -5.2451) (layer F.Fab) (width 0.1524))
    (fp_line (start -2.794 -5.2451) (end -2.794 5.2451) (layer F.Fab) (width 0.1524))
    (fp_line (start 4.9657 2.9845) (end 4.9657 3.3655) (layer F.SilkS) (width 0.1524))
    (fp_line (start 4.9657 3.3655) (end 4.7117 3.3655) (layer F.SilkS) (width 0.1524))
    (fp_line (start 4.7117 3.3655) (end 4.7117 2.9845) (layer F.SilkS) (width 0.1524))
    (fp_line (start 4.7117 2.9845) (end 4.9657 2.9845) (layer F.SilkS) (width 0.1524))
    (fp_line (start -4.7117 5.4991) (end -4.7117 -5.4991) (layer F.CrtYd) (width 0.1524))
    (fp_line (start -4.7117 -5.4991) (end 4.7117 -5.4991) (layer F.CrtYd) (width 0.1524))
    (fp_line (start 4.7117 -5.4991) (end 4.7117 5.4991) (layer F.CrtYd) (width 0.1524))
    (fp_line (start 4.7117 5.4991) (end -4.7117 5.4991) (layer F.CrtYd) (width 0.1524))
    (fp_arc (start 0 -5.2451) (end 0.3048 -5.2451) (angle 180) (layer F.SilkS) (width 0.1524))
    (fp_arc (start 0 -5.2451) (end 0.3048 -5.2451) (angle 180) (layer F.Fab) (width 0.1524))
    (pad 1 smd rect (at -3.3782 -4.445 180) (size 2.159 0.5588) (layers F.Cu F.Paste F.Mask)
      (net 2 +3V3))
    (pad 2 smd rect (at -3.3782 -3.175 180) (size 2.159 0.5588) (layers F.Cu F.Paste F.Mask)
      (net 11 /INT1_ACCEL))
    (pad 3 smd rect (at -3.3782 -1.905 180) (size 2.159 0.5588) (layers F.Cu F.Paste F.Mask)
      (net 3 "Net-(R1-Pad1)"))
    (pad 4 smd rect (at -3.3782 -0.635 180) (size 2.159 0.5588) (layers F.Cu F.Paste F.Mask)
      (net 15 "Net-(U1-Pad4)"))
    (pad 5 smd rect (at -3.3782 0.635 180) (size 2.159 0.5588) (layers F.Cu F.Paste F.Mask)
      (net 16 "Net-(U1-Pad5)"))
    (pad 6 smd rect (at -3.3782 1.905 180) (size 2.159 0.5588) (layers F.Cu F.Paste F.Mask)
      (net 12 /INT2_ACCEL))
    (pad 7 smd rect (at -3.3782 3.175 180) (size 2.159 0.5588) (layers F.Cu F.Paste F.Mask)
      (net 6 "Net-(R2-Pad1)"))
    (pad 8 smd rect (at -3.3782 4.445 180) (size 2.159 0.5588) (layers F.Cu F.Paste F.Mask)
      (net 1 GND))
    (pad 9 smd rect (at 3.3782 4.445 180) (size 2.159 0.5588) (layers F.Cu F.Paste F.Mask)
      (net 10 "Net-(R4-Pad2)"))
    (pad 10 smd rect (at 3.3782 3.175 180) (size 2.159 0.5588) (layers F.Cu F.Paste F.Mask)
      (net 13 /INT3_GYRO))
    (pad 11 smd rect (at 3.3782 1.905 180) (size 2.159 0.5588) (layers F.Cu F.Paste F.Mask)
      (net 17 "Net-(U1-Pad11)"))
    (pad 12 smd rect (at 3.3782 0.635 180) (size 2.159 0.5588) (layers F.Cu F.Paste F.Mask)
      (net 18 "Net-(U1-Pad12)"))
    (pad 13 smd rect (at 3.3782 -0.635 180) (size 2.159 0.5588) (layers F.Cu F.Paste F.Mask)
      (net 19 "Net-(U1-Pad13)"))
    (pad 14 smd rect (at 3.3782 -1.905 180) (size 2.159 0.5588) (layers F.Cu F.Paste F.Mask)
      (net 7 "Net-(R3-Pad2)"))
    (pad 15 smd rect (at 3.3782 -3.175 180) (size 2.159 0.5588) (layers F.Cu F.Paste F.Mask)
      (net 14 /INT4_GYRO))
    (pad 16 smd rect (at 3.3782 -4.445 180) (size 2.159 0.5588) (layers F.Cu F.Paste F.Mask)
      (net 20 "Net-(U1-Pad16)"))
  )

  (module footprints:bmi088 (layer F.Cu) (tedit 5C05EC7C) (tstamp 5FF657D9)
    (at 97.282 110.998)
    (path /5FC29AF9)
    (fp_text reference U2 (at 0.6604 -0.0508) (layer F.SilkS)
      (effects (font (size 1 1) (thickness 0.15)))
    )
    (fp_text value BMI088 (at 0.7366 -2.6162) (layer F.Fab)
      (effects (font (size 1 1) (thickness 0.15)))
    )
    (fp_line (start -2.25 -1.5) (end 2.25 -1.5) (layer F.SilkS) (width 0.15))
    (fp_line (start 2.25 -1.5) (end 2.25 1.5) (layer F.SilkS) (width 0.15))
    (fp_line (start -2.25 -1.5) (end -2.25 1.5) (layer F.SilkS) (width 0.15))
    (fp_line (start -2.25 1.4986) (end 2.25 1.4986) (layer F.SilkS) (width 0.15))
    (fp_line (start -2.2606 -1.143) (end -2.5654 -1.143) (layer F.SilkS) (width 0.15))
    (fp_line (start -2.5654 -1.143) (end -2.5654 -1.8034) (layer F.SilkS) (width 0.15))
    (fp_line (start -2.5654 -1.8034) (end -1.8796 -1.8034) (layer F.SilkS) (width 0.15))
    (fp_line (start -1.8796 -1.8034) (end -1.8796 -1.4986) (layer F.SilkS) (width 0.15))
    (fp_line (start -1.8796 -1.524) (end -1.8796 -1.143) (layer F.SilkS) (width 0.15))
    (fp_line (start -1.8796 -1.143) (end -2.54 -1.143) (layer F.SilkS) (width 0.15))
    (fp_line (start -2.413 -1.143) (end -2.413 -1.7272) (layer F.SilkS) (width 0.15))
    (fp_line (start -2.413 -1.7272) (end -1.9812 -1.7272) (layer F.SilkS) (width 0.15))
    (fp_line (start -1.9812 -1.7272) (end -1.9812 -1.2192) (layer F.SilkS) (width 0.15))
    (fp_line (start -1.9812 -1.2192) (end -2.3114 -1.2192) (layer F.SilkS) (width 0.15))
    (fp_line (start -2.3114 -1.2192) (end -2.286 -1.6256) (layer F.SilkS) (width 0.15))
    (fp_line (start -2.286 -1.6256) (end -2.0574 -1.6256) (layer F.SilkS) (width 0.15))
    (fp_line (start -2.0574 -1.6256) (end -2.0574 -1.3208) (layer F.SilkS) (width 0.15))
    (fp_line (start -2.0574 -1.3208) (end -2.1844 -1.3716) (layer F.SilkS) (width 0.15))
    (fp_line (start -2.1844 -1.3716) (end -2.1844 -1.397) (layer F.SilkS) (width 0.15))
    (fp_line (start -2.4892 -1.7526) (end -2.5146 -1.1938) (layer F.SilkS) (width 0.15))
    (pad 1 smd rect (at -1.5 -1.26) (size 0.25 0.7) (layers F.Cu F.Paste F.Mask)
      (net 12 /INT2_ACCEL))
    (pad 2 smd rect (at -1 -1.26) (size 0.25 0.7) (layers F.Cu F.Paste F.Mask))
    (pad 3 smd rect (at -0.5 -1.26) (size 0.25 0.7) (layers F.Cu F.Paste F.Mask)
      (net 2 +3V3))
    (pad 4 smd rect (at 0 -1.26) (size 0.25 0.7) (layers F.Cu F.Paste F.Mask)
      (net 1 GND))
    (pad 5 smd rect (at 0.5 -1.26) (size 0.25 0.7) (layers F.Cu F.Paste F.Mask)
      (net 21 "Net-(U2-Pad5)"))
    (pad 6 smd rect (at 1 -1.26) (size 0.25 0.7) (layers F.Cu F.Paste F.Mask)
      (net 1 GND))
    (pad 7 smd rect (at 1.5 -1.26) (size 0.25 0.7) (layers F.Cu F.Paste F.Mask)
      (net 2 +3V3))
    (pad 15 smd rect (at -1.5 1.26) (size 0.25 0.7) (layers F.Cu F.Paste F.Mask)
      (net 22 /A0_ACCEL))
    (pad 14 smd rect (at -1 1.26) (size 0.25 0.7) (layers F.Cu F.Paste F.Mask)
      (net 2 +3V3))
    (pad 13 smd rect (at -0.5 1.26) (size 0.25 0.7) (layers F.Cu F.Paste F.Mask)
      (net 14 /INT4_GYRO))
    (pad 12 smd rect (at 0 1.26) (size 0.25 0.7) (layers F.Cu F.Paste F.Mask)
      (net 13 /INT3_GYRO))
    (pad 11 smd rect (at 0.5 1.26) (size 0.25 0.7) (layers F.Cu F.Paste F.Mask)
      (net 2 +3V3))
    (pad 10 smd rect (at 1 1.26) (size 0.25 0.7) (layers F.Cu F.Paste F.Mask)
      (net 23 /A0_GYRO))
    (pad 9 smd rect (at 1.5 1.26) (size 0.25 0.7) (layers F.Cu F.Paste F.Mask)
      (net 24 /SDA))
    (pad 8 smd rect (at 2.015 0 90) (size 0.25 0.7) (layers F.Cu F.Paste F.Mask)
      (net 25 /SCL))
    (pad 16 smd rect (at -2.015 0 270) (size 0.25 0.7) (layers F.Cu F.Paste F.Mask)
      (net 11 /INT1_ACCEL))
  )

  (module footprints:CD74HC4050NSR (layer F.Cu) (tedit 0) (tstamp 5FF65846)
    (at 106.68 114.046)
    (path /5FCADB61)
    (fp_text reference U3 (at 0 -8.89) (layer F.SilkS)
      (effects (font (size 1 1) (thickness 0.15)))
    )
    (fp_text value CD74HC4050NSR (at 0 -7.366) (layer F.SilkS)
      (effects (font (size 1 1) (thickness 0.15)))
    )
    (fp_arc (start 0 -5.2451) (end 0.3048 -5.2451) (angle 180) (layer F.Fab) (width 0.1524))
    (fp_arc (start 0 -5.2451) (end 0.3048 -5.2451) (angle 180) (layer F.SilkS) (width 0.1524))
    (fp_line (start 4.7117 5.4991) (end -4.7117 5.4991) (layer F.CrtYd) (width 0.1524))
    (fp_line (start 4.7117 -5.4991) (end 4.7117 5.4991) (layer F.CrtYd) (width 0.1524))
    (fp_line (start -4.7117 -5.4991) (end 4.7117 -5.4991) (layer F.CrtYd) (width 0.1524))
    (fp_line (start -4.7117 5.4991) (end -4.7117 -5.4991) (layer F.CrtYd) (width 0.1524))
    (fp_line (start 4.7117 2.9845) (end 4.9657 2.9845) (layer F.SilkS) (width 0.1524))
    (fp_line (start 4.7117 3.3655) (end 4.7117 2.9845) (layer F.SilkS) (width 0.1524))
    (fp_line (start 4.9657 3.3655) (end 4.7117 3.3655) (layer F.SilkS) (width 0.1524))
    (fp_line (start 4.9657 2.9845) (end 4.9657 3.3655) (layer F.SilkS) (width 0.1524))
    (fp_line (start -2.794 -5.2451) (end -2.794 5.2451) (layer F.Fab) (width 0.1524))
    (fp_line (start 2.794 -5.2451) (end -2.794 -5.2451) (layer F.Fab) (width 0.1524))
    (fp_line (start 2.794 5.2451) (end 2.794 -5.2451) (layer F.Fab) (width 0.1524))
    (fp_line (start -2.794 5.2451) (end 2.794 5.2451) (layer F.Fab) (width 0.1524))
    (fp_line (start 2.794 -5.2451) (end -2.794 -5.2451) (layer F.SilkS) (width 0.1524))
    (fp_line (start -2.794 5.2451) (end 2.794 5.2451) (layer F.SilkS) (width 0.1524))
    (fp_line (start 4.1021 -4.699) (end 2.794 -4.699) (layer F.Fab) (width 0.1524))
    (fp_line (start 4.1021 -4.191) (end 4.1021 -4.699) (layer F.Fab) (width 0.1524))
    (fp_line (start 2.794 -4.191) (end 4.1021 -4.191) (layer F.Fab) (width 0.1524))
    (fp_line (start 2.794 -4.699) (end 2.794 -4.191) (layer F.Fab) (width 0.1524))
    (fp_line (start 4.1021 -3.429) (end 2.794 -3.429) (layer F.Fab) (width 0.1524))
    (fp_line (start 4.1021 -2.921) (end 4.1021 -3.429) (layer F.Fab) (width 0.1524))
    (fp_line (start 2.794 -2.921) (end 4.1021 -2.921) (layer F.Fab) (width 0.1524))
    (fp_line (start 2.794 -3.429) (end 2.794 -2.921) (layer F.Fab) (width 0.1524))
    (fp_line (start 4.1021 -2.159) (end 2.794 -2.159) (layer F.Fab) (width 0.1524))
