(kicad_pcb (version 20171130) (host pcbnew "(5.1.7)-1")

  (general
    (thickness 1.6)
    (drawings 0)
    (tracks 457)
    (zones 0)
    (modules 34)
    (nets 74)
  )

  (page A4)
  (layers
    (0 F.Cu signal)
    (31 B.Cu signal)
    (32 B.Adhes user)
    (33 F.Adhes user)
    (34 B.Paste user)
    (35 F.Paste user)
    (36 B.SilkS user)
    (37 F.SilkS user)
    (38 B.Mask user)
    (39 F.Mask user)
    (40 Dwgs.User user)
    (41 Cmts.User user)
    (42 Eco1.User user)
    (43 Eco2.User user)
    (44 Edge.Cuts user)
    (45 Margin user)
    (46 B.CrtYd user)
    (47 F.CrtYd user)
    (48 B.Fab user)
    (49 F.Fab user)
  )

  (setup
    (last_trace_width 0.25)
    (user_trace_width 1)
    (trace_clearance 0.2)
    (zone_clearance 0.25)
    (zone_45_only yes)
    (trace_min 0.2)
    (via_size 0.8)
    (via_drill 0.4)
    (via_min_size 0.4)
    (via_min_drill 0.3)
    (user_via 1.2 0.6)
    (uvia_size 0.3)
    (uvia_drill 0.1)
    (uvias_allowed no)
    (uvia_min_size 0.2)
    (uvia_min_drill 0.1)
    (edge_width 0.05)
    (segment_width 0.2)
    (pcb_text_width 0.3)
    (pcb_text_size 1.5 1.5)
    (mod_edge_width 0.12)
    (mod_text_size 1 1)
    (mod_text_width 0.15)
    (pad_size 1.524 1.524)
    (pad_drill 0.762)
    (pad_to_mask_clearance 0)
    (aux_axis_origin 0 0)
    (visible_elements 7FFFFFFF)
    (pcbplotparams
      (layerselection 0x010fc_ffffffff)
      (usegerberextensions false)
      (usegerberattributes true)
      (usegerberadvancedattributes true)
      (creategerberjobfile true)
      (excludeedgelayer true)
      (linewidth 0.100000)
      (plotframeref false)
      (viasonmask false)
      (mode 1)
      (useauxorigin false)
      (hpglpennumber 1)
      (hpglpenspeed 20)
      (hpglpendiameter 15.000000)
      (psnegative false)
      (psa4output false)
      (plotreference true)
      (plotvalue true)
      (plotinvisibletext false)
      (padsonsilk false)
      (subtractmaskfromsilk false)
      (outputformat 1)
      (mirror false)
      (drillshape 1)
      (scaleselection 1)
      (outputdirectory ""))
  )

  (net 0 "")
  (net 1 GND)
  (net 2 VDD)
  (net 3 "Net-(C4-Pad1)")
  (net 4 OptionalOSCinput)
  (net 5 OptionalOSCoutput)
  (net 6 "Net-(C9-Pad1)")
  (net 7 nRESET)
  (net 8 nBOOT_LOAD_PIN)
  (net 9 SDA_TEENSY)
  (net 10 SCL_TEENSY)
  (net 11 INT2_MPL3115A2)
  (net 12 INT1_MPL3115A2)
  (net 13 COM3)
  (net 14 INT_BNO055)
  (net 15 "Net-(U1-Pad21)")
  (net 16 "Net-(U1-Pad22)")
  (net 17 "Net-(U1-Pad23)")
  (net 18 "Net-(U1-Pad24)")
  (net 19 "Net-(U1-Pad1)")
  (net 20 "Net-(U1-Pad13)")
  (net 21 "Net-(U1-Pad12)")
  (net 22 "Net-(U1-Pad8)")
  (net 23 "Net-(U1-Pad7)")
  (net 24 "Net-(U3-Pad20)")
  (net 25 "Net-(U3-Pad14)")
  (net 26 "Net-(U3-Pad25)")
  (net 27 "Net-(U3-Pad26)")
  (net 28 "Net-(U3-Pad27)")
  (net 29 "Net-(U3-Pad28)")
  (net 30 "Net-(U3-Pad29)")
  (net 31 "Net-(U3-Pad34)")
  (net 32 "Net-(U3-Pad36)")
  (net 33 "Net-(U3-Pad37)")
  (net 34 "Net-(U3-Pad38)")
  (net 35 "Net-(U3-Pad39)")
  (net 36 "Net-(U3-Pad40)")
  (net 37 "Net-(U3-Pad41)")
  (net 38 "Net-(U3-Pad42)")
  (net 39 "Net-(U3-Pad43)")
  (net 40 "Net-(U3-Pad44)")
  (net 41 "Net-(U3-Pad45)")
  (net 42 "Net-(U3-Pad46)")
  (net 43 "Net-(U3-Pad47)")
  (net 44 "Net-(U3-Pad48)")
  (net 45 "Net-(U3-Pad49)")
  (net 46 "Net-(U3-Pad50)")
  (net 47 "Net-(U3-Pad51)")
  (net 48 "Net-(U3-Pad52)")
  (net 49 "Net-(U3-Pad53)")
  (net 50 "Net-(U3-Pad54)")
  (net 51 "Net-(U3-Pad55)")
  (net 52 "Net-(U3-Pad56)")
  (net 53 "Net-(U3-Pad57)")
  (net 54 "Net-(U3-Pad17)")
  (net 55 "Net-(U3-Pad16)")
  (net 56 "Net-(U3-Pad13)")
  (net 57 "Net-(U3-Pad4)")
  (net 58 A0_ACCEL_BMI088)
  (net 59 A0_GYRO_BMI088)
  (net 60 INT4_GYRO_BMI088)
  (net 61 INT3_GYRO_BMI088)
  (net 62 INT2_ACCEL_BMI088)
  (net 63 INT1_ACCEL_BMI088)
  (net 64 TX)
  (net 65 RX)
  (net 66 ENABLE_GPS)
  (net 67 PPS)
  (net 68 FIX)
  (net 69 INT2_ADXL345)
  (net 70 INT1_ADXL345)
  (net 71 "Net-(U4-Pad5)")
  (net 72 "Net-(U5-Pad11)")
  (net 73 "Net-(U5-Pad10)")

  (net_class Default "This is the default net class."
    (clearance 0.2)
    (trace_width 0.25)
    (via_dia 0.8)
    (via_drill 0.4)
    (uvia_dia 0.3)
    (uvia_drill 0.1)
    (add_net A0_ACCEL_BMI088)
    (add_net A0_GYRO_BMI088)
    (add_net COM3)
    (add_net ENABLE_GPS)
    (add_net FIX)
    (add_net GND)
    (add_net INT1_ACCEL_BMI088)
    (add_net INT1_ADXL345)
    (add_net INT1_MPL3115A2)
    (add_net INT2_ACCEL_BMI088)
    (add_net INT2_ADXL345)
    (add_net INT2_MPL3115A2)
    (add_net INT3_GYRO_BMI088)
    (add_net INT4_GYRO_BMI088)
    (add_net INT_BNO055)
    (add_net "Net-(C4-Pad1)")
    (add_net "Net-(C9-Pad1)")
    (add_net "Net-(U1-Pad1)")
    (add_net "Net-(U1-Pad12)")
    (add_net "Net-(U1-Pad13)")
    (add_net "Net-(U1-Pad21)")
    (add_net "Net-(U1-Pad22)")
    (add_net "Net-(U1-Pad23)")
    (add_net "Net-(U1-Pad24)")
    (add_net "Net-(U1-Pad7)")
    (add_net "Net-(U1-Pad8)")
    (add_net "Net-(U3-Pad13)")
    (add_net "Net-(U3-Pad14)")
    (add_net "Net-(U3-Pad16)")
    (add_net "Net-(U3-Pad17)")
    (add_net "Net-(U3-Pad20)")
    (add_net "Net-(U3-Pad25)")
    (add_net "Net-(U3-Pad26)")
    (add_net "Net-(U3-Pad27)")
    (add_net "Net-(U3-Pad28)")
    (add_net "Net-(U3-Pad29)")
    (add_net "Net-(U3-Pad34)")
    (add_net "Net-(U3-Pad36)")
    (add_net "Net-(U3-Pad37)")
    (add_net "Net-(U3-Pad38)")
    (add_net "Net-(U3-Pad39)")
    (add_net "Net-(U3-Pad4)")
    (add_net "Net-(U3-Pad40)")
    (add_net "Net-(U3-Pad41)")
    (add_net "Net-(U3-Pad42)")
    (add_net "Net-(U3-Pad43)")
    (add_net "Net-(U3-Pad44)")
    (add_net "Net-(U3-Pad45)")
    (add_net "Net-(U3-Pad46)")
    (add_net "Net-(U3-Pad47)")
    (add_net "Net-(U3-Pad48)")
    (add_net "Net-(U3-Pad49)")
    (add_net "Net-(U3-Pad50)")
    (add_net "Net-(U3-Pad51)")
    (add_net "Net-(U3-Pad52)")
    (add_net "Net-(U3-Pad53)")
    (add_net "Net-(U3-Pad54)")
    (add_net "Net-(U3-Pad55)")
    (add_net "Net-(U3-Pad56)")
    (add_net "Net-(U3-Pad57)")
    (add_net "Net-(U4-Pad5)")
    (add_net "Net-(U5-Pad10)")
    (add_net "Net-(U5-Pad11)")
    (add_net OptionalOSCinput)
    (add_net OptionalOSCoutput)
    (add_net PPS)
    (add_net RX)
    (add_net SCL_TEENSY)
    (add_net SDA_TEENSY)
    (add_net TX)
    (add_net VDD)
    (add_net nBOOT_LOAD_PIN)
    (add_net nRESET)
  )

  (module footprints:C_0805_OEM (layer F.Cu) (tedit 60071D2F) (tstamp 600316B4)
    (at 145.8595 133.4135 180)
    (descr "Capacitor SMD 0805, reflow soldering, AVX (see smccp.pdf)")
    (tags "capacitor 0805")
    (path /5F891443)
    (attr smd)
    (fp_text reference C1 (at -2.54 3.429 270) (layer F.SilkS)
      (effects (font (size 1 1) (thickness 0.15)) (justify mirror))
    )
    (fp_text value 100nF (at 0.254 -7.3279) (layer F.Fab) hide
      (effects (font (size 1 1) (thickness 0.15)) (justify mirror))
    )
    (fp_line (start 1.75 -0.87) (end -1.75 -0.87) (layer B.CrtYd) (width 0.05))
    (fp_line (start 1.75 -0.87) (end 1.75 0.88) (layer B.CrtYd) (width 0.05))
    (fp_line (start -1.75 0.88) (end -1.75 -0.87) (layer B.CrtYd) (width 0.05))
    (fp_line (start -1.75 0.88) (end 1.75 0.88) (layer B.CrtYd) (width 0.05))
    (fp_line (start -0.5 -0.85) (end 0.5 -0.85) (layer F.SilkS) (width 0.12))
    (fp_line (start 0.5 0.85) (end -0.5 0.85) (layer F.SilkS) (width 0.12))
    (fp_line (start -1 0.62) (end 1 0.62) (layer F.Fab) (width 0.1))
    (fp_line (start 1 0.62) (end 1 -0.62) (layer F.Fab) (width 0.1))
    (fp_line (start 1 -0.62) (end -1 -0.62) (layer F.Fab) (width 0.1))
    (fp_line (start -1 -0.62) (end -1 0.62) (layer F.Fab) (width 0.1))
    (pad 2 smd rect (at 1 0 180) (size 1 1.25) (layers F.Cu F.Paste F.Mask)
      (net 1 GND))
    (pad 1 smd rect (at -1 0 180) (size 1 1.25) (layers F.Cu F.Paste F.Mask)
      (net 2 VDD))
    (model /home/josh/Formula/OEM_Preferred_Parts/3DModels/C_0805_OEM/C_0805.wrl
      (at (xyz 0 0 0))
      (scale (xyz 1 1 1))
      (rotate (xyz 0 0 0))
    )
  )

  (module footprints:C_0805_OEM (layer F.Cu) (tedit 60071D29) (tstamp 600316C4)
    (at 145.8595 126.6825)
    (descr "Capacitor SMD 0805, reflow soldering, AVX (see smccp.pdf)")
    (tags "capacitor 0805")
    (path /5F88FAE1)
    (attr smd)
    (fp_text reference C2 (at 2.54 0 270) (layer F.SilkS)
      (effects (font (size 1 1) (thickness 0.15)) (justify mirror))
    )
    (fp_text value 6.8nF (at -0.6477 7.6327 180) (layer F.Fab) hide
      (effects (font (size 1 1) (thickness 0.15)) (justify mirror))
    )
    (fp_line (start 1.75 -0.87) (end -1.75 -0.87) (layer B.CrtYd) (width 0.05))
    (fp_line (start 1.75 -0.87) (end 1.75 0.88) (layer B.CrtYd) (width 0.05))
    (fp_line (start -1.75 0.88) (end -1.75 -0.87) (layer B.CrtYd) (width 0.05))
    (fp_line (start -1.75 0.88) (end 1.75 0.88) (layer B.CrtYd) (width 0.05))
    (fp_line (start -0.5 -0.85) (end 0.5 -0.85) (layer F.SilkS) (width 0.12))
    (fp_line (start 0.5 0.85) (end -0.5 0.85) (layer F.SilkS) (width 0.12))
    (fp_line (start -1 0.62) (end 1 0.62) (layer F.Fab) (width 0.1))
    (fp_line (start 1 0.62) (end 1 -0.62) (layer F.Fab) (width 0.1))
    (fp_line (start 1 -0.62) (end -1 -0.62) (layer F.Fab) (width 0.1))
    (fp_line (start -1 -0.62) (end -1 0.62) (layer F.Fab) (width 0.1))
    (pad 2 smd rect (at 1 0) (size 1 1.25) (layers F.Cu F.Paste F.Mask)
      (net 2 VDD))
    (pad 1 smd rect (at -1 0) (size 1 1.25) (layers F.Cu F.Paste F.Mask)
      (net 1 GND))
    (model /home/josh/Formula/OEM_Preferred_Parts/3DModels/C_0805_OEM/C_0805.wrl
      (at (xyz 0 0 0))
      (scale (xyz 1 1 1))
      (rotate (xyz 0 0 0))
    )
  )

  (module footprints:C_0805_OEM (layer F.Cu) (tedit 60071D35) (tstamp 600316D4)
    (at 145.8595 129.9845)
    (descr "Capacitor SMD 0805, reflow soldering, AVX (see smccp.pdf)")
    (tags "capacitor 0805")
    (path /5F891168)
    (attr smd)
    (fp_text reference C3 (at 2.54 3.429 270) (layer F.SilkS)
      (effects (font (size 1 1) (thickness 0.15)) (justify mirror))
    )
    (fp_text value 120nF (at -0.3175 7.4549 180) (layer F.Fab) hide
      (effects (font (size 1 1) (thickness 0.15)) (justify mirror))
    )
    (fp_line (start -1 -0.62) (end -1 0.62) (layer F.Fab) (width 0.1))
    (fp_line (start 1 -0.62) (end -1 -0.62) (layer F.Fab) (width 0.1))
    (fp_line (start 1 0.62) (end 1 -0.62) (layer F.Fab) (width 0.1))
    (fp_line (start -1 0.62) (end 1 0.62) (layer F.Fab) (width 0.1))
    (fp_line (start 0.5 0.85) (end -0.5 0.85) (layer F.SilkS) (width 0.12))
    (fp_line (start -0.5 -0.85) (end 0.5 -0.85) (layer F.SilkS) (width 0.12))
    (fp_line (start -1.75 0.88) (end 1.75 0.88) (layer B.CrtYd) (width 0.05))
    (fp_line (start -1.75 0.88) (end -1.75 -0.87) (layer B.CrtYd) (width 0.05))
    (fp_line (start 1.75 -0.87) (end 1.75 0.88) (layer B.CrtYd) (width 0.05))
    (fp_line (start 1.75 -0.87) (end -1.75 -0.87) (layer B.CrtYd) (width 0.05))
    (pad 1 smd rect (at -1 0) (size 1 1.25) (layers F.Cu F.Paste F.Mask)
      (net 1 GND))
    (pad 2 smd rect (at 1 0) (size 1 1.25) (layers F.Cu F.Paste F.Mask)
      (net 2 VDD))
    (model /home/josh/Formula/OEM_Preferred_Parts/3DModels/C_0805_OEM/C_0805.wrl
      (at (xyz 0 0 0))
      (scale (xyz 1 1 1))
      (rotate (xyz 0 0 0))
    )
  )

  (module footprints:C_0805_OEM (layer F.Cu) (tedit 60071D72) (tstamp 600316E4)
    (at 157.7975 125.1585 270)
    (descr "Capacitor SMD 0805, reflow soldering, AVX (see smccp.pdf)")
    (tags "capacitor 0805")
    (path /5F88E6B7)
    (attr smd)
    (fp_text reference C4 (at 0.127 1.778 90) (layer F.SilkS)
      (effects (font (size 1 1) (thickness 0.15)) (justify mirror))
    )
    (fp_text value 100nF (at 6.1468 -5.4737 90) (layer F.Fab) hide
      (effects (font (size 1 1) (thickness 0.15)) (justify mirror))
    )
    (fp_line (start -1 -0.62) (end -1 0.62) (layer F.Fab) (width 0.1))
    (fp_line (start 1 -0.62) (end -1 -0.62) (layer F.Fab) (width 0.1))
    (fp_line (start 1 0.62) (end 1 -0.62) (layer F.Fab) (width 0.1))
    (fp_line (start -1 0.62) (end 1 0.62) (layer F.Fab) (width 0.1))
    (fp_line (start 0.5 0.85) (end -0.5 0.85) (layer F.SilkS) (width 0.12))
    (fp_line (start -0.5 -0.85) (end 0.5 -0.85) (layer F.SilkS) (width 0.12))
    (fp_line (start -1.75 0.88) (end 1.75 0.88) (layer B.CrtYd) (width 0.05))
    (fp_line (start -1.75 0.88) (end -1.75 -0.87) (layer B.CrtYd) (width 0.05))
    (fp_line (start 1.75 -0.87) (end 1.75 0.88) (layer B.CrtYd) (width 0.05))
    (fp_line (start 1.75 -0.87) (end -1.75 -0.87) (layer B.CrtYd) (width 0.05))
    (pad 1 smd rect (at -1 0 270) (size 1 1.25) (layers F.Cu F.Paste F.Mask)
      (net 3 "Net-(C4-Pad1)"))
    (pad 2 smd rect (at 1 0 270) (size 1 1.25) (layers F.Cu F.Paste F.Mask)
      (net 1 GND))
    (model /home/josh/Formula/OEM_Preferred_Parts/3DModels/C_0805_OEM/C_0805.wrl
      (at (xyz 0 0 0))
      (scale (xyz 1 1 1))
      (rotate (xyz 0 0 0))
    )
  )

  (module footprints:C_0805_OEM (layer F.Cu) (tedit 60033A28) (tstamp 600316F4)
    (at 140.3985 122.7455 180)
    (descr "Capacitor SMD 0805, reflow soldering, AVX (see smccp.pdf)")
    (tags "capacitor 0805")
    (path /6002E87E)
    (attr smd)
    (fp_text reference C5 (at 2.9337 0) (layer F.SilkS)
      (effects (font (size 1 1) (thickness 0.15)) (justify mirror))
    )
    (fp_text value 22p (at 5.461 0.0381) (layer F.Fab) hide
      (effects (font (size 1 1) (thickness 0.15)) (justify mirror))
    )
    (fp_line (start -1 -0.62) (end -1 0.62) (layer F.Fab) (width 0.1))
    (fp_line (start 1 -0.62) (end -1 -0.62) (layer F.Fab) (width 0.1))
    (fp_line (start 1 0.62) (end 1 -0.62) (layer F.Fab) (width 0.1))
    (fp_line (start -1 0.62) (end 1 0.62) (layer F.Fab) (width 0.1))
    (fp_line (start 0.5 0.85) (end -0.5 0.85) (layer F.SilkS) (width 0.12))
    (fp_line (start -0.5 -0.85) (end 0.5 -0.85) (layer F.SilkS) (width 0.12))
    (fp_line (start -1.75 0.88) (end 1.75 0.88) (layer B.CrtYd) (width 0.05))
    (fp_line (start -1.75 0.88) (end -1.75 -0.87) (layer B.CrtYd) (width 0.05))
    (fp_line (start 1.75 -0.87) (end 1.75 0.88) (layer B.CrtYd) (width 0.05))
    (fp_line (start 1.75 -0.87) (end -1.75 -0.87) (layer B.CrtYd) (width 0.05))
    (pad 1 smd rect (at -1 0 180) (size 1 1.25) (layers F.Cu F.Paste F.Mask)
      (net 4 OptionalOSCinput))
    (pad 2 smd rect (at 1 0 180) (size 1 1.25) (layers F.Cu F.Paste F.Mask)
      (net 1 GND))
    (model /home/josh/Formula/OEM_Preferred_Parts/3DModels/C_0805_OEM/C_0805.wrl
      (at (xyz 0 0 0))
      (scale (xyz 1 1 1))
      (rotate (xyz 0 0 0))
    )
  )

  (module footprints:C_0805_OEM (layer F.Cu) (tedit 600338FD) (tstamp 60031704)
    (at 140.3985 118.9355 180)
    (descr "Capacitor SMD 0805, reflow soldering, AVX (see smccp.pdf)")
    (tags "capacitor 0805")
    (path /600377E0)
    (attr smd)
    (fp_text reference C6 (at 2.921 0) (layer F.SilkS)
      (effects (font (size 1 1) (thickness 0.15)) (justify mirror))
    )
    (fp_text value 22p (at 5.461 0.0127) (layer F.Fab) hide
      (effects (font (size 1 1) (thickness 0.15)) (justify mirror))
    )
    (fp_line (start 1.75 -0.87) (end -1.75 -0.87) (layer B.CrtYd) (width 0.05))
    (fp_line (start 1.75 -0.87) (end 1.75 0.88) (layer B.CrtYd) (width 0.05))
    (fp_line (start -1.75 0.88) (end -1.75 -0.87) (layer B.CrtYd) (width 0.05))
    (fp_line (start -1.75 0.88) (end 1.75 0.88) (layer B.CrtYd) (width 0.05))
    (fp_line (start -0.5 -0.85) (end 0.5 -0.85) (layer F.SilkS) (width 0.12))
    (fp_line (start 0.5 0.85) (end -0.5 0.85) (layer F.SilkS) (width 0.12))
    (fp_line (start -1 0.62) (end 1 0.62) (layer F.Fab) (width 0.1))
    (fp_line (start 1 0.62) (end 1 -0.62) (layer F.Fab) (width 0.1))
    (fp_line (start 1 -0.62) (end -1 -0.62) (layer F.Fab) (width 0.1))
    (fp_line (start -1 -0.62) (end -1 0.62) (layer F.Fab) (width 0.1))
    (pad 2 smd rect (at 1 0 180) (size 1 1.25) (layers F.Cu F.Paste F.Mask)
      (net 1 GND))
    (pad 1 smd rect (at -1 0 180) (size 1 1.25) (layers F.Cu F.Paste F.Mask)
      (net 5 OptionalOSCoutput))
    (model /home/josh/Formula/OEM_Preferred_Parts/3DModels/C_0805_OEM/C_0805.wrl
      (at (xyz 0 0 0))
      (scale (xyz 1 1 1))
      (rotate (xyz 0 0 0))
    )
  )

  (module footprints:C_0805_OEM (layer F.Cu) (tedit 60032B54) (tstamp 60031714)
    (at 120.7135 123.2535 270)
    (descr "Capacitor SMD 0805, reflow soldering, AVX (see smccp.pdf)")
    (tags "capacitor 0805")
    (path /5F97B20B)
    (attr smd)
    (fp_text reference C7 (at 2.9464 0.1778 270) (layer F.SilkS)
      (effects (font (size 1 1) (thickness 0.15)) (justify mirror))
    )
    (fp_text value 100n (at 5.9182 0.127 270) (layer F.Fab) hide
      (effects (font (size 1 1) (thickness 0.15)) (justify mirror))
    )
    (fp_line (start 1.75 -0.87) (end -1.75 -0.87) (layer B.CrtYd) (width 0.05))
    (fp_line (start 1.75 -0.87) (end 1.75 0.88) (layer B.CrtYd) (width 0.05))
    (fp_line (start -1.75 0.88) (end -1.75 -0.87) (layer B.CrtYd) (width 0.05))
    (fp_line (start -1.75 0.88) (end 1.75 0.88) (layer B.CrtYd) (width 0.05))
    (fp_line (start -0.5 -0.85) (end 0.5 -0.85) (layer F.SilkS) (width 0.12))
    (fp_line (start 0.5 0.85) (end -0.5 0.85) (layer F.SilkS) (width 0.12))
    (fp_line (start -1 0.62) (end 1 0.62) (layer F.Fab) (width 0.1))
    (fp_line (start 1 0.62) (end 1 -0.62) (layer F.Fab) (width 0.1))
    (fp_line (start 1 -0.62) (end -1 -0.62) (layer F.Fab) (width 0.1))
    (fp_line (start -1 -0.62) (end -1 0.62) (layer F.Fab) (width 0.1))
    (pad 2 smd rect (at 1 0 270) (size 1 1.25) (layers F.Cu F.Paste F.Mask)
      (net 1 GND))
    (pad 1 smd rect (at -1 0 270) (size 1 1.25) (layers F.Cu F.Paste F.Mask)
      (net 2 VDD))
    (model /home/josh/Formula/OEM_Preferred_Parts/3DModels/C_0805_OEM/C_0805.wrl
      (at (xyz 0 0 0))
      (scale (xyz 1 1 1))
      (rotate (xyz 0 0 0))
    )
  )

  (module footprints:C_0805_OEM (layer F.Cu) (tedit 60032B5E) (tstamp 60031724)
    (at 116.7765 123.2535 270)
    (descr "Capacitor SMD 0805, reflow soldering, AVX (see smccp.pdf)")
    (tags "capacitor 0805")
    (path /60279C52)
    (attr smd)
    (fp_text reference C8 (at 2.9464 0.0508 270) (layer F.SilkS)
      (effects (font (size 1 1) (thickness 0.15)) (justify mirror))
    )
    (fp_text value 10u (at 5.4356 -0.0508 270) (layer F.Fab) hide
      (effects (font (size 1 1) (thickness 0.15)) (justify mirror))
    )
    (fp_line (start -1 -0.62) (end -1 0.62) (layer F.Fab) (width 0.1))
    (fp_line (start 1 -0.62) (end -1 -0.62) (layer F.Fab) (width 0.1))
    (fp_line (start 1 0.62) (end 1 -0.62) (layer F.Fab) (width 0.1))
    (fp_line (start -1 0.62) (end 1 0.62) (layer F.Fab) (width 0.1))
    (fp_line (start 0.5 0.85) (end -0.5 0.85) (layer F.SilkS) (width 0.12))
    (fp_line (start -0.5 -0.85) (end 0.5 -0.85) (layer F.SilkS) (width 0.12))
    (fp_line (start -1.75 0.88) (end 1.75 0.88) (layer B.CrtYd) (width 0.05))
    (fp_line (start -1.75 0.88) (end -1.75 -0.87) (layer B.CrtYd) (width 0.05))
    (fp_line (start 1.75 -0.87) (end 1.75 0.88) (layer B.CrtYd) (width 0.05))
    (fp_line (start 1.75 -0.87) (end -1.75 -0.87) (layer B.CrtYd) (width 0.05))
    (pad 1 smd rect (at -1 0 270) (size 1 1.25) (layers F.Cu F.Paste F.Mask)
      (net 2 VDD))
    (pad 2 smd rect (at 1 0 270) (size 1 1.25) (layers F.Cu F.Paste F.Mask)
      (net 1 GND))
    (model /home/josh/Formula/OEM_Preferred_Parts/3DModels/C_0805_OEM/C_0805.wrl
      (at (xyz 0 0 0))
      (scale (xyz 1 1 1))
      (rotate (xyz 0 0 0))
    )
  )

  (module footprints:C_0805_OEM (layer F.Cu) (tedit 60032B4F) (tstamp 60031734)
    (at 124.6505 123.2535 270)
    (descr "Capacitor SMD 0805, reflow soldering, AVX (see smccp.pdf)")
    (tags "capacitor 0805")
    (path /60279C54)
    (attr smd)
    (fp_text reference C9 (at 2.9464 0.3556 270) (layer F.SilkS)
      (effects (font (size 1 1) (thickness 0.15)) (justify mirror))
    )
    (fp_text value 100n (at 5.9182 0.5842 270) (layer F.Fab) hide
      (effects (font (size 1 1) (thickness 0.15)) (justify mirror))
    )
    (fp_line (start -1 -0.62) (end -1 0.62) (layer F.Fab) (width 0.1))
    (fp_line (start 1 -0.62) (end -1 -0.62) (layer F.Fab) (width 0.1))
    (fp_line (start 1 0.62) (end 1 -0.62) (layer F.Fab) (width 0.1))
    (fp_line (start -1 0.62) (end 1 0.62) (layer F.Fab) (width 0.1))
    (fp_line (start 0.5 0.85) (end -0.5 0.85) (layer F.SilkS) (width 0.12))
    (fp_line (start -0.5 -0.85) (end 0.5 -0.85) (layer F.SilkS) (width 0.12))
    (fp_line (start -1.75 0.88) (end 1.75 0.88) (layer B.CrtYd) (width 0.05))
    (fp_line (start -1.75 0.88) (end -1.75 -0.87) (layer B.CrtYd) (width 0.05))
    (fp_line (start 1.75 -0.87) (end 1.75 0.88) (layer B.CrtYd) (width 0.05))
    (fp_line (start 1.75 -0.87) (end -1.75 -0.87) (layer B.CrtYd) (width 0.05))
    (pad 1 smd rect (at -1 0 270) (size 1 1.25) (layers F.Cu F.Paste F.Mask)
      (net 6 "Net-(C9-Pad1)"))
    (pad 2 smd rect (at 1 0 270) (size 1 1.25) (layers F.Cu F.Paste F.Mask)
      (net 1 GND))
    (model /home/josh/Formula/OEM_Preferred_Parts/3DModels/C_0805_OEM/C_0805.wrl
      (at (xyz 0 0 0))
      (scale (xyz 1 1 1))
      (rotate (xyz 0 0 0))
    )
  )

  (module footprints:R_0805_OEM (layer F.Cu) (tedit 60033A85) (tstamp 60031744)
    (at 158.4325 120.7135 180)
    (descr "Resistor SMD 0805, reflow soldering, Vishay (see dcrcw.pdf)")
    (tags "resistor 0805")
    (path /5F893414)
    (attr smd)
    (fp_text reference R1 (at -2.6924 0) (layer F.SilkS)
      (effects (font (size 1 1) (thickness 0.15)) (justify mirror))
    )
    (fp_text value "Optional 10k" (at -8.5725 -5.8674) (layer F.Fab) hide
      (effects (font (size 1 1) (thickness 0.15)) (justify mirror))
    )
    (fp_line (start -1 -0.62) (end -1 0.62) (layer F.Fab) (width 0.1))
    (fp_line (start 1 -0.62) (end -1 -0.62) (layer F.Fab) (width 0.1))
    (fp_line (start 1 0.62) (end 1 -0.62) (layer F.Fab) (width 0.1))
    (fp_line (start -1 0.62) (end 1 0.62) (layer F.Fab) (width 0.1))
    (fp_line (start 0.6 -0.88) (end -0.6 -0.88) (layer F.SilkS) (width 0.12))
    (fp_line (start -0.6 0.88) (end 0.6 0.88) (layer F.SilkS) (width 0.12))
    (fp_line (start -1.55 0.9) (end 1.55 0.9) (layer B.CrtYd) (width 0.05))
    (fp_line (start -1.55 0.9) (end -1.55 -0.9) (layer B.CrtYd) (width 0.05))
    (fp_line (start 1.55 -0.9) (end 1.55 0.9) (layer B.CrtYd) (width 0.05))
    (fp_line (start 1.55 -0.9) (end -1.55 -0.9) (layer B.CrtYd) (width 0.05))
    (pad 1 smd rect (at -0.95 0 180) (size 0.7 1.3) (layers F.Cu F.Paste F.Mask)
      (net 2 VDD))
    (pad 2 smd rect (at 0.95 0 180) (size 0.7 1.3) (layers F.Cu F.Paste F.Mask)
      (net 7 nRESET))
    (model "/home/josh/Formula/OEM_Preferred_Parts/3DModels/WRL Files/res0805.wrl"
      (at (xyz 0 0 0))
      (scale (xyz 1 1 1))
      (rotate (xyz 0 0 0))
    )
  )

  (module footprints:R_0805_OEM (layer F.Cu) (tedit 60071D3A) (tstamp 60031754)
    (at 152.5905 127.5715)
    (descr "Resistor SMD 0805, reflow soldering, Vishay (see dcrcw.pdf)")
    (tags "resistor 0805")
    (path /5F892DB2)
    (attr smd)
    (fp_text reference R2 (at 0 1.778) (layer F.SilkS)
      (effects (font (size 1 1) (thickness 0.15)) (justify mirror))
    )
    (fp_text value "Pull-up 10k" (at 2.3495 2.5527 180) (layer F.Fab) hide
      (effects (font (size 1 1) (thickness 0.15)) (justify mirror))
    )
    (fp_line (start 1.55 -0.9) (end -1.55 -0.9) (layer B.CrtYd) (width 0.05))
    (fp_line (start 1.55 -0.9) (end 1.55 0.9) (layer B.CrtYd) (width 0.05))
    (fp_line (start -1.55 0.9) (end -1.55 -0.9) (layer B.CrtYd) (width 0.05))
    (fp_line (start -1.55 0.9) (end 1.55 0.9) (layer B.CrtYd) (width 0.05))
    (fp_line (start -0.6 0.88) (end 0.6 0.88) (layer F.SilkS) (width 0.12))
    (fp_line (start 0.6 -0.88) (end -0.6 -0.88) (layer F.SilkS) (width 0.12))
    (fp_line (start -1 0.62) (end 1 0.62) (layer F.Fab) (width 0.1))
    (fp_line (start 1 0.62) (end 1 -0.62) (layer F.Fab) (width 0.1))
    (fp_line (start 1 -0.62) (end -1 -0.62) (layer F.Fab) (width 0.1))
    (fp_line (start -1 -0.62) (end -1 0.62) (layer F.Fab) (width 0.1))
    (pad 2 smd rect (at 0.95 0) (size 0.7 1.3) (layers F.Cu F.Paste F.Mask)
      (net 8 nBOOT_LOAD_PIN))
    (pad 1 smd rect (at -0.95 0) (size 0.7 1.3) (layers F.Cu F.Paste F.Mask)
      (net 2 VDD))
    (model "/home/josh/Formula/OEM_Preferred_Parts/3DModels/WRL Files/res0805.wrl"
      (at (xyz 0 0 0))
      (scale (xyz 1 1 1))
      (rotate (xyz 0 0 0))
    )
  )

  (module footprints:R_0805_OEM (layer F.Cu) (tedit 60071D5C) (tstamp 60031764)
    (at 147.3835 115.2525)
    (descr "Resistor SMD 0805, reflow soldering, Vishay (see dcrcw.pdf)")
    (tags "resistor 0805")
    (path /5F8925D6)
    (attr smd)
    (fp_text reference R3 (at -0.127 -1.651 180) (layer F.SilkS)
      (effects (font (size 1 1) (thickness 0.15)) (justify mirror))
    )
    (fp_text value Rpull (at 1.0795 -3.1496 90) (layer F.Fab) hide
      (effects (font (size 1 1) (thickness 0.15)) (justify mirror))
    )
    (fp_line (start -1 -0.62) (end -1 0.62) (layer F.Fab) (width 0.1))
    (fp_line (start 1 -0.62) (end -1 -0.62) (layer F.Fab) (width 0.1))
    (fp_line (start 1 0.62) (end 1 -0.62) (layer F.Fab) (width 0.1))
    (fp_line (start -1 0.62) (end 1 0.62) (layer F.Fab) (width 0.1))
    (fp_line (start 0.6 -0.88) (end -0.6 -0.88) (layer F.SilkS) (width 0.12))
    (fp_line (start -0.6 0.88) (end 0.6 0.88) (layer F.SilkS) (width 0.12))
    (fp_line (start -1.55 0.9) (end 1.55 0.9) (layer B.CrtYd) (width 0.05))
    (fp_line (start -1.55 0.9) (end -1.55 -0.9) (layer B.CrtYd) (width 0.05))
    (fp_line (start 1.55 -0.9) (end 1.55 0.9) (layer B.CrtYd) (width 0.05))
    (fp_line (start 1.55 -0.9) (end -1.55 -0.9) (layer B.CrtYd) (width 0.05))
    (pad 1 smd rect (at -0.95 0) (size 0.7 1.3) (layers F.Cu F.Paste F.Mask)
      (net 2 VDD))
    (pad 2 smd rect (at 0.95 0) (size 0.7 1.3) (layers F.Cu F.Paste F.Mask)
      (net 9 SDA_TEENSY))
    (model "/home/josh/Formula/OEM_Preferred_Parts/3DModels/WRL Files/res0805.wrl"
      (at (xyz 0 0 0))
      (scale (xyz 1 1 1))
      (rotate (xyz 0 0 0))
    )
  )

  (module footprints:R_0805_OEM (layer F.Cu) (tedit 60071D63) (tstamp 60031774)
    (at 152.7175 115.2525 180)
    (descr "Resistor SMD 0805, reflow soldering, Vishay (see dcrcw.pdf)")
    (tags "resistor 0805")
    (path /5F891E2A)
    (attr smd)
    (fp_text reference R4 (at -0.254 1.651) (layer F.SilkS)
      (effects (font (size 1 1) (thickness 0.15)) (justify mirror))
    )
    (fp_text value Rpull (at -1.9812 3.2004 270) (layer F.Fab) hide
      (effects (font (size 1 1) (thickness 0.15)) (justify mirror))
    )
    (fp_line (start 1.55 -0.9) (end -1.55 -0.9) (layer B.CrtYd) (width 0.05))
    (fp_line (start 1.55 -0.9) (end 1.55 0.9) (layer B.CrtYd) (width 0.05))
    (fp_line (start -1.55 0.9) (end -1.55 -0.9) (layer B.CrtYd) (width 0.05))
    (fp_line (start -1.55 0.9) (end 1.55 0.9) (layer B.CrtYd) (width 0.05))
    (fp_line (start -0.6 0.88) (end 0.6 0.88) (layer F.SilkS) (width 0.12))
    (fp_line (start 0.6 -0.88) (end -0.6 -0.88) (layer F.SilkS) (width 0.12))
    (fp_line (start -1 0.62) (end 1 0.62) (layer F.Fab) (width 0.1))
    (fp_line (start 1 0.62) (end 1 -0.62) (layer F.Fab) (width 0.1))
    (fp_line (start 1 -0.62) (end -1 -0.62) (layer F.Fab) (width 0.1))
    (fp_line (start -1 -0.62) (end -1 0.62) (layer F.Fab) (width 0.1))
    (pad 2 smd rect (at 0.95 0 180) (size 0.7 1.3) (layers F.Cu F.Paste F.Mask)
      (net 10 SCL_TEENSY))
    (pad 1 smd rect (at -0.95 0 180) (size 0.7 1.3) (layers F.Cu F.Paste F.Mask)
      (net 2 VDD))
    (model "/home/josh/Formula/OEM_Preferred_Parts/3DModels/WRL Files/res0805.wrl"
      (at (xyz 0 0 0))
      (scale (xyz 1 1 1))
      (rotate (xyz 0 0 0))
    )
  )

  (module MPL3115A2_barometer:MPL3115A2 (layer F.Cu) (tedit 60071DF1) (tstamp 600317D5)
    (at 124.9299 117.4369 270)
    (path /5FF5B454)
    (fp_text reference U2 (at -0.0254 3.8354 180) (layer F.SilkS)
      (effects (font (size 1 1) (thickness 0.15)) (justify mirror))
    )
    (fp_text value MPL3115A2 (at 1.0668 6.5278 90) (layer F.Fab)
      (effects (font (size 1 1) (thickness 0.15)) (justify mirror))
    )
    (fp_line (start -1.5 -2.5) (end -1.5 2.5) (layer F.SilkS) (width 0.12))
    (fp_line (start 1.5 -2.5) (end -1.5 -2.5) (layer F.SilkS) (width 0.12))
    (fp_line (start 1.5 2.5) (end 1.5 -2.5) (layer F.SilkS) (width 0.12))
    (fp_line (start -1.5 2.5) (end 1.5 2.5) (layer F.SilkS) (width 0.12))
    (pad 1 smd rect (at 1.125 1.875 270) (size 0.95 0.55) (layers F.Cu F.Paste F.Mask)
      (net 2 VDD))
    (pad 2 smd rect (at 1.125 0.625 270) (size 0.95 0.55) (layers F.Cu F.Paste F.Mask)
      (net 6 "Net-(C9-Pad1)"))
    (pad 3 smd rect (at 1.125 -0.625 270) (size 0.95 0.55) (layers F.Cu F.Paste F.Mask)
      (net 1 GND))
    (pad 4 smd rect (at 1.125 -1.875 270) (size 0.95 0.55) (layers F.Cu F.Paste F.Mask)
      (net 2 VDD))
    (pad 5 smd rect (at -1.125 -1.875 270) (size 0.95 0.55) (layers F.Cu F.Paste F.Mask)
      (net 11 INT2_MPL3115A2))
    (pad 6 smd rect (at -1.125 -0.625 270) (size 0.95 0.55) (layers F.Cu F.Paste F.Mask)
      (net 12 INT1_MPL3115A2))
    (pad 7 smd rect (at -1.125 0.625 270) (size 0.95 0.55) (layers F.Cu F.Paste F.Mask)
      (net 9 SDA_TEENSY))
    (pad 8 smd rect (at -1.125 1.875 270) (size 0.95 0.55) (layers F.Cu F.Paste F.Mask)
      (net 10 SCL_TEENSY))
  )

  (module footprints:Teensy3-6 (layer B.Cu) (tedit 60032B8B) (tstamp 6003184A)
    (at 144.653 94.996)
    (path /60876FE4)
    (fp_text reference U3 (at 0 -10.16) (layer F.SilkS)
      (effects (font (size 1 1) (thickness 0.15)))
    )
    (fp_text value Teensy3.6 (at 22.2758 10.414) (layer F.Fab)
      (effects (font (size 1 1) (thickness 0.15)))
    )
    (fp_poly (pts (xy 1.27 -3.81) (xy 1.524 -3.556) (xy 1.143 -3.302) (xy 0.889 -3.556)) (layer F.SilkS) (width 0.1))
    (fp_poly (pts (xy 1.397 -4.572) (xy 1.651 -4.318) (xy 1.27 -4.064) (xy 1.016 -4.318)) (layer F.SilkS) (width 0.1))
    (fp_poly (pts (xy 1.651 -3.429) (xy 1.905 -3.175) (xy 1.524 -2.921) (xy 1.27 -3.175)) (layer F.SilkS) (width 0.1))
    (fp_poly (pts (xy 1.143 -3.048) (xy 1.397 -2.794) (xy 1.016 -2.54) (xy 0.762 -2.794)) (layer F.SilkS) (width 0.1))
    (fp_poly (pts (xy 1.778 -4.191) (xy 2.032 -3.937) (xy 1.651 -3.683) (xy 1.397 -3.937)) (layer F.SilkS) (width 0.1))
    (fp_poly (pts (xy 0.635 -2.667) (xy 0.889 -2.413) (xy 0.508 -2.159) (xy 0.254 -2.413)) (layer F.SilkS) (width 0.1))
    (fp_poly (pts (xy 0.762 -3.429) (xy 1.016 -3.175) (xy 0.635 -2.921) (xy 0.381 -3.175)) (layer F.SilkS) (width 0.1))
    (fp_poly (pts (xy 1.016 -4.953) (xy 1.27 -4.699) (xy 0.889 -4.445) (xy 0.635 -4.699)) (layer F.SilkS) (width 0.1))
    (fp_line (start -30.48 8.89) (end -30.48 -8.89) (layer F.SilkS) (width 0.15))
    (fp_line (start 30.48 -8.89) (end 30.48 8.89) (layer F.SilkS) (width 0.15))
    (fp_line (start 11.43 -2.54) (end 13.97 -2.54) (layer F.SilkS) (width 0.15))
    (fp_line (start 11.43 2.54) (end 11.43 -2.54) (layer F.SilkS) (width 0.15))
    (fp_line (start 13.97 2.54) (end 11.43 2.54) (layer F.SilkS) (width 0.15))
    (fp_line (start 13.97 -2.54) (end 13.97 2.54) (layer F.SilkS) (width 0.15))
    (fp_line (start -25.4 3.81) (end -30.48 3.81) (layer F.SilkS) (width 0.15))
    (fp_line (start -25.4 -3.81) (end -30.48 -3.81) (layer F.SilkS) (width 0.15))
    (fp_line (start -25.4 3.81) (end -25.4 -3.81) (layer F.SilkS) (width 0.15))
    (fp_line (start -31.75 -3.81) (end -30.48 -3.81) (layer F.SilkS) (width 0.15))
    (fp_line (start -31.75 3.81) (end -31.75 -3.81) (layer F.SilkS) (width 0.15))
    (fp_line (start -30.48 3.81) (end -31.75 3.81) (layer F.SilkS) (width 0.15))
    (fp_line (start -30.48 8.89) (end 30.48 8.89) (layer F.SilkS) (width 0.15))
    (fp_line (start 30.48 -8.89) (end -30.48 -8.89) (layer F.SilkS) (width 0.15))
    (fp_line (start 17.78 6.35) (end 30.48 6.35) (layer F.SilkS) (width 0.15))
    (fp_line (start 17.78 -6.35) (end 17.78 6.35) (layer F.SilkS) (width 0.15))
    (fp_line (start 30.48 -6.35) (end 17.78 -6.35) (layer F.SilkS) (width 0.15))
    (fp_line (start 29.21 -5.08) (end 30.48 -6.35) (layer F.SilkS) (width 0.15))
    (fp_line (start 29.21 5.08) (end 29.21 -5.08) (layer F.SilkS) (width 0.15))
    (fp_line (start 30.48 6.35) (end 29.21 5.08) (layer F.SilkS) (width 0.15))
    (fp_line (start 29.21 -5.08) (end 30.48 -5.08) (layer F.SilkS) (width 0.15))
    (fp_line (start 29.21 -3.81) (end 30.48 -3.81) (layer F.SilkS) (width 0.15))
    (fp_line (start 29.21 -2.54) (end 30.48 -2.54) (layer F.SilkS) (width 0.15))
    (fp_line (start 29.21 -1.27) (end 30.48 -1.27) (layer F.SilkS) (width 0.15))
    (fp_line (start 29.21 0) (end 30.48 0) (layer F.SilkS) (width 0.15))
    (fp_line (start 29.21 1.27) (end 30.48 1.27) (layer F.SilkS) (width 0.15))
    (fp_line (start 29.21 2.54) (end 30.48 2.54) (layer F.SilkS) (width 0.15))
    (fp_line (start 29.21 3.81) (end 30.48 3.81) (layer F.SilkS) (width 0.15))
    (fp_line (start 29.21 5.08) (end 30.48 5.08) (layer F.SilkS) (width 0.15))
    (fp_line (start -5.08 -6.35) (end 7.62 -6.35) (layer F.SilkS) (width 0.15))
    (fp_line (start -5.08 6.35) (end 7.62 6.35) (layer F.SilkS) (width 0.15))
    (fp_line (start -5.08 -6.35) (end -5.08 6.35) (layer F.SilkS) (width 0.15))
    (fp_line (start 7.62 6.35) (end 7.62 -6.35) (layer F.SilkS) (width 0.15))
    (fp_line (start -6.35 2.54) (end -6.35 5.08) (layer F.SilkS) (width 0.15))
    (fp_line (start -10.16 2.54) (end -6.35 2.54) (layer F.SilkS) (width 0.15))
    (fp_line (start -10.16 5.08) (end -10.16 2.54) (layer F.SilkS) (width 0.15))
    (fp_line (start -6.35 5.08) (end -10.16 5.08) (layer F.SilkS) (width 0.15))
    (fp_line (start -11.43 -3.81) (end -13.97 -3.81) (layer F.SilkS) (width 0.15))
    (fp_line (start -11.43 -1.27) (end -11.43 -3.81) (layer F.SilkS) (width 0.15))
    (fp_line (start -13.97 -1.27) (end -11.43 -1.27) (layer F.SilkS) (width 0.15))
    (fp_line (start -13.97 -3.81) (end -13.97 -1.27) (layer F.SilkS) (width 0.15))
    (fp_text user MK66FX1MBVMD18/ (at 1.27 0) (layer F.SilkS)
      (effects (font (size 0.7 0.7) (thickness 0.15)))
    )
    (fp_text user MK64FX512VMD12 (at 1.27 1.143) (layer F.SilkS)
      (effects (font (size 0.7 0.7) (thickness 0.15)))
    )
    (pad 17 thru_hole circle (at 11.43 7.62) (size 1.6 1.6) (drill 1.1) (layers *.Cu *.Mask)
      (net 54 "Net-(U3-Pad17)"))
    (pad 18 thru_hole circle (at 13.97 7.62) (size 1.6 1.6) (drill 1.1) (layers *.Cu *.Mask)
      (net 58 A0_ACCEL_BMI088))
    (pad 19 thru_hole circle (at 16.51 7.62) (size 1.6 1.6) (drill 1.1) (layers *.Cu *.Mask)
      (net 59 A0_GYRO_BMI088))
    (pad 20 thru_hole circle (at 19.05 7.62) (size 1.6 1.6) (drill 1.1) (layers *.Cu *.Mask)
      (net 24 "Net-(U3-Pad20)"))
    (pad 16 thru_hole circle (at 8.89 7.62) (size 1.6 1.6) (drill 1.1) (layers *.Cu *.Mask)
      (net 55 "Net-(U3-Pad16)"))
    (pad 15 thru_hole circle (at 6.35 7.62) (size 1.6 1.6) (drill 1.1) (layers *.Cu *.Mask)
      (net 2 VDD))
    (pad 14 thru_hole circle (at 3.81 7.62) (size 1.6 1.6) (drill 1.1) (layers *.Cu *.Mask)
      (net 25 "Net-(U3-Pad14)"))
    (pad 21 thru_hole circle (at 21.59 7.62) (size 1.6 1.6) (drill 1.1) (layers *.Cu *.Mask)
      (net 60 INT4_GYRO_BMI088))
    (pad 22 thru_hole circle (at 24.13 7.62) (size 1.6 1.6) (drill 1.1) (layers *.Cu *.Mask)
      (net 61 INT3_GYRO_BMI088))
    (pad 23 thru_hole circle (at 26.67 7.62) (size 1.6 1.6) (drill 1.1) (layers *.Cu *.Mask)
      (net 62 INT2_ACCEL_BMI088))
    (pad 24 thru_hole circle (at 29.21 7.62) (size 1.6 1.6) (drill 1.1) (layers *.Cu *.Mask)
      (net 63 INT1_ACCEL_BMI088))
    (pad 25 thru_hole circle (at 16.51 5.08) (size 1.6 1.6) (drill 1.1) (layers *.Cu *.Mask)
      (net 26 "Net-(U3-Pad25)"))
    (pad 26 thru_hole circle (at 16.51 2.54) (size 1.6 1.6) (drill 1.1) (layers *.Cu *.Mask)
      (net 27 "Net-(U3-Pad26)"))
    (pad 27 thru_hole circle (at 16.51 0) (size 1.6 1.6) (drill 1.1) (layers *.Cu *.Mask)
      (net 28 "Net-(U3-Pad27)"))
    (pad 28 thru_hole circle (at 16.51 -2.54) (size 1.6 1.6) (drill 1.1) (layers *.Cu *.Mask)
      (net 29 "Net-(U3-Pad28)"))
    (pad 29 thru_hole circle (at 16.51 -5.08) (size 1.6 1.6) (drill 1.1) (layers *.Cu *.Mask)
      (net 30 "Net-(U3-Pad29)"))
    (pad 30 thru_hole circle (at 29.21 -7.62) (size 1.6 1.6) (drill 1.1) (layers *.Cu *.Mask)
      (net 64 TX))
    (pad 31 thru_hole circle (at 26.67 -7.62) (size 1.6 1.6) (drill 1.1) (layers *.Cu *.Mask)
      (net 65 RX))
    (pad 32 thru_hole circle (at 24.13 -7.62) (size 1.6 1.6) (drill 1.1) (layers *.Cu *.Mask)
      (net 66 ENABLE_GPS))
    (pad 33 thru_hole circle (at 21.59 -7.62) (size 1.6 1.6) (drill 1.1) (layers *.Cu *.Mask)
      (net 67 PPS))
    (pad 34 thru_hole circle (at 19.05 -7.62) (size 1.6 1.6) (drill 1.1) (layers *.Cu *.Mask)
      (net 31 "Net-(U3-Pad34)"))
    (pad 35 thru_hole circle (at 16.51 -7.62) (size 1.6 1.6) (drill 1.1) (layers *.Cu *.Mask)
      (net 68 FIX))
    (pad 36 thru_hole circle (at 13.97 -7.62) (size 1.6 1.6) (drill 1.1) (layers *.Cu *.Mask)
      (net 32 "Net-(U3-Pad36)"))
    (pad 37 thru_hole circle (at 11.43 -7.62) (size 1.6 1.6) (drill 1.1) (layers *.Cu *.Mask)
      (net 33 "Net-(U3-Pad37)"))
    (pad 13 thru_hole circle (at 1.27 7.62) (size 1.6 1.6) (drill 1.1) (layers *.Cu *.Mask)
      (net 56 "Net-(U3-Pad13)"))
    (pad 12 thru_hole circle (at -1.27 7.62) (size 1.6 1.6) (drill 1.1) (layers *.Cu *.Mask)
      (net 8 nBOOT_LOAD_PIN))
    (pad 11 thru_hole circle (at -3.81 7.62) (size 1.6 1.6) (drill 1.1) (layers *.Cu *.Mask)
      (net 7 nRESET))
    (pad 10 thru_hole circle (at -6.35 7.62) (size 1.6 1.6) (drill 1.1) (layers *.Cu *.Mask)
      (net 14 INT_BNO055))
    (pad 9 thru_hole circle (at -8.89 7.62) (size 1.6 1.6) (drill 1.1) (layers *.Cu *.Mask)
      (net 13 COM3))
    (pad 8 thru_hole circle (at -11.43 7.62) (size 1.6 1.6) (drill 1.1) (layers *.Cu *.Mask)
      (net 11 INT2_MPL3115A2))
    (pad 7 thru_hole circle (at -13.97 7.62) (size 1.6 1.6) (drill 1.1) (layers *.Cu *.Mask)
      (net 12 INT1_MPL3115A2))
    (pad 6 thru_hole circle (at -16.51 7.62) (size 1.6 1.6) (drill 1.1) (layers *.Cu *.Mask)
      (net 9 SDA_TEENSY))
    (pad 5 thru_hole circle (at -19.05 7.62) (size 1.6 1.6) (drill 1.1) (layers *.Cu *.Mask)
      (net 10 SCL_TEENSY))
    (pad 4 thru_hole circle (at -21.59 7.62) (size 1.6 1.6) (drill 1.1) (layers *.Cu *.Mask)
      (net 57 "Net-(U3-Pad4)"))
    (pad 3 thru_hole circle (at -24.13 7.62) (size 1.6 1.6) (drill 1.1) (layers *.Cu *.Mask)
      (net 69 INT2_ADXL345))
    (pad 2 thru_hole circle (at -26.67 7.62) (size 1.6 1.6) (drill 1.1) (layers *.Cu *.Mask)
      (net 70 INT1_ADXL345))
    (pad 1 thru_hole rect (at -29.21 7.62) (size 1.6 1.6) (drill 1.1) (layers *.Cu *.Mask)
      (net 1 GND))
    (pad 38 thru_hole circle (at 8.89 -7.62) (size 1.6 1.6) (drill 1.1) (layers *.Cu *.Mask)
      (net 34 "Net-(U3-Pad38)"))
    (pad 39 thru_hole circle (at 6.35 -7.62) (size 1.6 1.6) (drill 1.1) (layers *.Cu *.Mask)
      (net 35 "Net-(U3-Pad39)"))
    (pad 40 thru_hole circle (at 3.81 -7.62) (size 1.6 1.6) (drill 1.1) (layers *.Cu *.Mask)
      (net 36 "Net-(U3-Pad40)"))
    (pad 41 thru_hole circle (at 1.27 -7.62) (size 1.6 1.6) (drill 1.1) (layers *.Cu *.Mask)
      (net 37 "Net-(U3-Pad41)"))
    (pad 42 thru_hole circle (at -1.27 -7.62) (size 1.6 1.6) (drill 1.1) (layers *.Cu *.Mask)
      (net 38 "Net-(U3-Pad42)"))
    (pad 43 thru_hole circle (at -3.81 -7.62) (size 1.6 1.6) (drill 1.1) (layers *.Cu *.Mask)
      (net 39 "Net-(U3-Pad43)"))
    (pad 44 thru_hole circle (at -6.35 -7.62) (size 1.6 1.6) (drill 1.1) (layers *.Cu *.Mask)
      (net 40 "Net-(U3-Pad44)"))
    (pad 45 thru_hole circle (at -8.89 -7.62) (size 1.6 1.6) (drill 1.1) (layers *.Cu *.Mask)
      (net 41 "Net-(U3-Pad45)"))
    (pad 46 thru_hole circle (at -11.43 -7.62) (size 1.6 1.6) (drill 1.1) (layers *.Cu *.Mask)
      (net 42 "Net-(U3-Pad46)"))
    (pad 47 thru_hole circle (at -13.97 -7.62) (size 1.6 1.6) (drill 1.1) (layers *.Cu *.Mask)
      (net 43 "Net-(U3-Pad47)"))
    (pad 48 thru_hole circle (at -16.51 -7.62) (size 1.6 1.6) (drill 1.1) (layers *.Cu *.Mask)
      (net 44 "Net-(U3-Pad48)"))
