(kicad_pcb (version 20171130) (host pcbnew "(5.1.7)-1")

  (general
    (thickness 1.6)
    (drawings 5)
    (tracks 244)
    (zones 0)
    (modules 27)
    (nets 15)
  )

  (page A4)
  (layers
    (0 F.Cu signal)
    (31 B.Cu signal)
    (32 B.Adhes user)
    (33 F.Adhes user)
    (34 B.Paste user)
    (35 F.Paste user)
    (36 B.SilkS user)
    (37 F.SilkS user)
    (38 B.Mask user)
    (39 F.Mask user)
    (40 Dwgs.User user)
    (41 Cmts.User user)
    (42 Eco1.User user)
    (43 Eco2.User user)
    (44 Edge.Cuts user)
    (45 Margin user)
    (46 B.CrtYd user)
    (47 F.CrtYd user)
    (48 B.Fab user)
    (49 F.Fab user hide)
  )

  (setup
    (last_trace_width 0.25)
    (user_trace_width 1)
    (trace_clearance 0.2)
    (zone_clearance 0.25)
    (zone_45_only no)
    (trace_min 0.2)
    (via_size 0.8)
    (via_drill 0.4)
    (via_min_size 0.4)
    (via_min_drill 0.3)
    (user_via 1.2 0.6)
    (uvia_size 0.3)
    (uvia_drill 0.1)
    (uvias_allowed no)
    (uvia_min_size 0.2)
    (uvia_min_drill 0.1)
    (edge_width 0.05)
    (segment_width 0.2)
    (pcb_text_width 0.3)
    (pcb_text_size 1.5 1.5)
    (mod_edge_width 0.12)
    (mod_text_size 1 1)
    (mod_text_width 0.15)
    (pad_size 1.524 1.524)
    (pad_drill 0.762)
    (pad_to_mask_clearance 0)
    (aux_axis_origin 0 0)
    (visible_elements 7FFFFFFF)
    (pcbplotparams
      (layerselection 0x010fc_ffffffff)
      (usegerberextensions false)
      (usegerberattributes true)
      (usegerberadvancedattributes true)
      (creategerberjobfile true)
      (excludeedgelayer true)
      (linewidth 0.100000)
      (plotframeref false)
      (viasonmask false)
      (mode 1)
      (useauxorigin false)
      (hpglpennumber 1)
      (hpglpenspeed 20)
      (hpglpendiameter 15.000000)
      (psnegative false)
      (psa4output false)
      (plotreference true)
      (plotvalue true)
      (plotinvisibletext false)
      (padsonsilk false)
      (subtractmaskfromsilk false)
      (outputformat 1)
      (mirror false)
      (drillshape 1)
      (scaleselection 1)
      (outputdirectory ""))
  )

  (net 0 "")
  (net 1 GND)
  (net 2 VDD)
  (net 3 "Net-(C4-Pad1)")
  (net 4 OptionalOSCinput)
  (net 5 OptionalOSCoutput)
  (net 6 "Net-(C9-Pad1)")
  (net 7 nRESET)
  (net 8 nBOOT_LOAD_PIN)
  (net 9 SDA_TEENSY)
  (net 10 SCL_TEENSY)
  (net 11 INT2_MPL3115A2)
  (net 12 INT1_MPL3115A2)
  (net 13 COM3)
  (net 14 INT_BNO055)

  (net_class Default "This is the default net class."
    (clearance 0.2)
    (trace_width 0.25)
    (via_dia 0.8)
    (via_drill 0.4)
    (uvia_dia 0.3)
    (uvia_drill 0.1)
    (add_net COM3)
    (add_net GND)
    (add_net INT1_MPL3115A2)
    (add_net INT2_MPL3115A2)
    (add_net INT_BNO055)
    (add_net "Net-(C4-Pad1)")
    (add_net "Net-(C9-Pad1)")
    (add_net OptionalOSCinput)
    (add_net OptionalOSCoutput)
    (add_net SCL_TEENSY)
    (add_net SDA_TEENSY)
    (add_net VDD)
    (add_net nBOOT_LOAD_PIN)
    (add_net nRESET)
  )

  (module footprints:C_0805_OEM (layer F.Cu) (tedit 60071D2F) (tstamp 600316B4)
    (at 141.605 131.826)
    (descr "Capacitor SMD 0805, reflow soldering, AVX (see smccp.pdf)")
    (tags "capacitor 0805")
    (path /5F891443)
    (attr smd)
    (fp_text reference C1 (at -2.54 -3.429 90) (layer F.SilkS)
      (effects (font (size 1 1) (thickness 0.15)))
    )
    (fp_text value 100nF (at 0.254 7.3279) (layer F.Fab) hide
      (effects (font (size 1 1) (thickness 0.15)))
    )
    (fp_line (start -1 0.62) (end -1 -0.62) (layer F.Fab) (width 0.1))
    (fp_line (start 1 0.62) (end -1 0.62) (layer F.Fab) (width 0.1))
    (fp_line (start 1 -0.62) (end 1 0.62) (layer F.Fab) (width 0.1))
    (fp_line (start -1 -0.62) (end 1 -0.62) (layer F.Fab) (width 0.1))
    (fp_line (start 0.5 -0.85) (end -0.5 -0.85) (layer F.SilkS) (width 0.12))
    (fp_line (start -0.5 0.85) (end 0.5 0.85) (layer F.SilkS) (width 0.12))
    (fp_line (start -1.75 -0.88) (end 1.75 -0.88) (layer F.CrtYd) (width 0.05))
    (fp_line (start -1.75 -0.88) (end -1.75 0.87) (layer F.CrtYd) (width 0.05))
    (fp_line (start 1.75 0.87) (end 1.75 -0.88) (layer F.CrtYd) (width 0.05))
    (fp_line (start 1.75 0.87) (end -1.75 0.87) (layer F.CrtYd) (width 0.05))
    (pad 2 smd rect (at 1 0) (size 1 1.25) (layers F.Cu F.Paste F.Mask)
      (net 1 GND))
    (pad 1 smd rect (at -1 0) (size 1 1.25) (layers F.Cu F.Paste F.Mask)
      (net 2 VDD))
    (model /home/josh/Formula/OEM_Preferred_Parts/3DModels/C_0805_OEM/C_0805.wrl
      (at (xyz 0 0 0))
      (scale (xyz 1 1 1))
      (rotate (xyz 0 0 0))
    )
  )

  (module footprints:C_0805_OEM (layer F.Cu) (tedit 60071D29) (tstamp 600316C4)
    (at 141.605 125.095 180)
    (descr "Capacitor SMD 0805, reflow soldering, AVX (see smccp.pdf)")
    (tags "capacitor 0805")
    (path /5F88FAE1)
    (attr smd)
    (fp_text reference C2 (at 2.54 0 90) (layer F.SilkS)
      (effects (font (size 1 1) (thickness 0.15)))
    )
    (fp_text value 6.8nF (at -0.6477 -7.6327 180) (layer F.Fab) hide
      (effects (font (size 1 1) (thickness 0.15)))
    )
    (fp_line (start -1 0.62) (end -1 -0.62) (layer F.Fab) (width 0.1))
    (fp_line (start 1 0.62) (end -1 0.62) (layer F.Fab) (width 0.1))
    (fp_line (start 1 -0.62) (end 1 0.62) (layer F.Fab) (width 0.1))
    (fp_line (start -1 -0.62) (end 1 -0.62) (layer F.Fab) (width 0.1))
    (fp_line (start 0.5 -0.85) (end -0.5 -0.85) (layer F.SilkS) (width 0.12))
    (fp_line (start -0.5 0.85) (end 0.5 0.85) (layer F.SilkS) (width 0.12))
    (fp_line (start -1.75 -0.88) (end 1.75 -0.88) (layer F.CrtYd) (width 0.05))
    (fp_line (start -1.75 -0.88) (end -1.75 0.87) (layer F.CrtYd) (width 0.05))
    (fp_line (start 1.75 0.87) (end 1.75 -0.88) (layer F.CrtYd) (width 0.05))
    (fp_line (start 1.75 0.87) (end -1.75 0.87) (layer F.CrtYd) (width 0.05))
    (pad 2 smd rect (at 1 0 180) (size 1 1.25) (layers F.Cu F.Paste F.Mask)
      (net 2 VDD))
    (pad 1 smd rect (at -1 0 180) (size 1 1.25) (layers F.Cu F.Paste F.Mask)
      (net 1 GND))
    (model /home/josh/Formula/OEM_Preferred_Parts/3DModels/C_0805_OEM/C_0805.wrl
      (at (xyz 0 0 0))
      (scale (xyz 1 1 1))
      (rotate (xyz 0 0 0))
    )
  )

  (module footprints:C_0805_OEM (layer F.Cu) (tedit 60071D35) (tstamp 600316D4)
    (at 141.605 128.397 180)
    (descr "Capacitor SMD 0805, reflow soldering, AVX (see smccp.pdf)")
    (tags "capacitor 0805")
    (path /5F891168)
    (attr smd)
    (fp_text reference C3 (at 2.54 -3.429 90) (layer F.SilkS)
      (effects (font (size 1 1) (thickness 0.15)))
    )
    (fp_text value 120nF (at -0.3175 -7.4549 180) (layer F.Fab) hide
      (effects (font (size 1 1) (thickness 0.15)))
    )
    (fp_line (start 1.75 0.87) (end -1.75 0.87) (layer F.CrtYd) (width 0.05))
    (fp_line (start 1.75 0.87) (end 1.75 -0.88) (layer F.CrtYd) (width 0.05))
    (fp_line (start -1.75 -0.88) (end -1.75 0.87) (layer F.CrtYd) (width 0.05))
    (fp_line (start -1.75 -0.88) (end 1.75 -0.88) (layer F.CrtYd) (width 0.05))
    (fp_line (start -0.5 0.85) (end 0.5 0.85) (layer F.SilkS) (width 0.12))
    (fp_line (start 0.5 -0.85) (end -0.5 -0.85) (layer F.SilkS) (width 0.12))
    (fp_line (start -1 -0.62) (end 1 -0.62) (layer F.Fab) (width 0.1))
    (fp_line (start 1 -0.62) (end 1 0.62) (layer F.Fab) (width 0.1))
    (fp_line (start 1 0.62) (end -1 0.62) (layer F.Fab) (width 0.1))
    (fp_line (start -1 0.62) (end -1 -0.62) (layer F.Fab) (width 0.1))
    (pad 1 smd rect (at -1 0 180) (size 1 1.25) (layers F.Cu F.Paste F.Mask)
      (net 1 GND))
    (pad 2 smd rect (at 1 0 180) (size 1 1.25) (layers F.Cu F.Paste F.Mask)
      (net 2 VDD))
    (model /home/josh/Formula/OEM_Preferred_Parts/3DModels/C_0805_OEM/C_0805.wrl
      (at (xyz 0 0 0))
      (scale (xyz 1 1 1))
      (rotate (xyz 0 0 0))
    )
  )

  (module footprints:C_0805_OEM (layer F.Cu) (tedit 60071D72) (tstamp 600316E4)
    (at 129.667 123.571 270)
    (descr "Capacitor SMD 0805, reflow soldering, AVX (see smccp.pdf)")
    (tags "capacitor 0805")
    (path /5F88E6B7)
    (attr smd)
    (fp_text reference C4 (at 0.127 -1.778 270) (layer F.SilkS)
      (effects (font (size 1 1) (thickness 0.15)))
    )
    (fp_text value 100nF (at 6.1468 5.4737 270) (layer F.Fab) hide
      (effects (font (size 1 1) (thickness 0.15)))
    )
    (fp_line (start 1.75 0.87) (end -1.75 0.87) (layer F.CrtYd) (width 0.05))
    (fp_line (start 1.75 0.87) (end 1.75 -0.88) (layer F.CrtYd) (width 0.05))
    (fp_line (start -1.75 -0.88) (end -1.75 0.87) (layer F.CrtYd) (width 0.05))
    (fp_line (start -1.75 -0.88) (end 1.75 -0.88) (layer F.CrtYd) (width 0.05))
    (fp_line (start -0.5 0.85) (end 0.5 0.85) (layer F.SilkS) (width 0.12))
    (fp_line (start 0.5 -0.85) (end -0.5 -0.85) (layer F.SilkS) (width 0.12))
    (fp_line (start -1 -0.62) (end 1 -0.62) (layer F.Fab) (width 0.1))
    (fp_line (start 1 -0.62) (end 1 0.62) (layer F.Fab) (width 0.1))
    (fp_line (start 1 0.62) (end -1 0.62) (layer F.Fab) (width 0.1))
    (fp_line (start -1 0.62) (end -1 -0.62) (layer F.Fab) (width 0.1))
    (pad 1 smd rect (at -1 0 270) (size 1 1.25) (layers F.Cu F.Paste F.Mask)
      (net 3 "Net-(C4-Pad1)"))
    (pad 2 smd rect (at 1 0 270) (size 1 1.25) (layers F.Cu F.Paste F.Mask)
      (net 1 GND))
    (model /home/josh/Formula/OEM_Preferred_Parts/3DModels/C_0805_OEM/C_0805.wrl
      (at (xyz 0 0 0))
      (scale (xyz 1 1 1))
      (rotate (xyz 0 0 0))
    )
  )

  (module footprints:C_0805_OEM (layer F.Cu) (tedit 60033A28) (tstamp 600316F4)
    (at 147.066 121.158)
    (descr "Capacitor SMD 0805, reflow soldering, AVX (see smccp.pdf)")
    (tags "capacitor 0805")
    (path /6002E87E)
    (attr smd)
    (fp_text reference C5 (at 2.9337 0) (layer F.SilkS)
      (effects (font (size 1 1) (thickness 0.15)))
    )
    (fp_text value 22p (at 5.461 -0.0381) (layer F.Fab) hide
      (effects (font (size 1 1) (thickness 0.15)))
    )
    (fp_line (start 1.75 0.87) (end -1.75 0.87) (layer F.CrtYd) (width 0.05))
    (fp_line (start 1.75 0.87) (end 1.75 -0.88) (layer F.CrtYd) (width 0.05))
    (fp_line (start -1.75 -0.88) (end -1.75 0.87) (layer F.CrtYd) (width 0.05))
    (fp_line (start -1.75 -0.88) (end 1.75 -0.88) (layer F.CrtYd) (width 0.05))
    (fp_line (start -0.5 0.85) (end 0.5 0.85) (layer F.SilkS) (width 0.12))
    (fp_line (start 0.5 -0.85) (end -0.5 -0.85) (layer F.SilkS) (width 0.12))
    (fp_line (start -1 -0.62) (end 1 -0.62) (layer F.Fab) (width 0.1))
    (fp_line (start 1 -0.62) (end 1 0.62) (layer F.Fab) (width 0.1))
    (fp_line (start 1 0.62) (end -1 0.62) (layer F.Fab) (width 0.1))
    (fp_line (start -1 0.62) (end -1 -0.62) (layer F.Fab) (width 0.1))
    (pad 1 smd rect (at -1 0) (size 1 1.25) (layers F.Cu F.Paste F.Mask)
      (net 4 OptionalOSCinput))
    (pad 2 smd rect (at 1 0) (size 1 1.25) (layers F.Cu F.Paste F.Mask)
      (net 1 GND))
    (model /home/josh/Formula/OEM_Preferred_Parts/3DModels/C_0805_OEM/C_0805.wrl
      (at (xyz 0 0 0))
      (scale (xyz 1 1 1))
      (rotate (xyz 0 0 0))
    )
  )

  (module footprints:C_0805_OEM (layer F.Cu) (tedit 600338FD) (tstamp 60031704)
    (at 147.066 117.348)
    (descr "Capacitor SMD 0805, reflow soldering, AVX (see smccp.pdf)")
    (tags "capacitor 0805")
    (path /600377E0)
    (attr smd)
    (fp_text reference C6 (at 2.921 0) (layer F.SilkS)
      (effects (font (size 1 1) (thickness 0.15)))
    )
    (fp_text value 22p (at 5.461 -0.0127) (layer F.Fab) hide
      (effects (font (size 1 1) (thickness 0.15)))
    )
    (fp_line (start -1 0.62) (end -1 -0.62) (layer F.Fab) (width 0.1))
    (fp_line (start 1 0.62) (end -1 0.62) (layer F.Fab) (width 0.1))
    (fp_line (start 1 -0.62) (end 1 0.62) (layer F.Fab) (width 0.1))
    (fp_line (start -1 -0.62) (end 1 -0.62) (layer F.Fab) (width 0.1))
    (fp_line (start 0.5 -0.85) (end -0.5 -0.85) (layer F.SilkS) (width 0.12))
    (fp_line (start -0.5 0.85) (end 0.5 0.85) (layer F.SilkS) (width 0.12))
    (fp_line (start -1.75 -0.88) (end 1.75 -0.88) (layer F.CrtYd) (width 0.05))
    (fp_line (start -1.75 -0.88) (end -1.75 0.87) (layer F.CrtYd) (width 0.05))
    (fp_line (start 1.75 0.87) (end 1.75 -0.88) (layer F.CrtYd) (width 0.05))
    (fp_line (start 1.75 0.87) (end -1.75 0.87) (layer F.CrtYd) (width 0.05))
    (pad 2 smd rect (at 1 0) (size 1 1.25) (layers F.Cu F.Paste F.Mask)
      (net 1 GND))
    (pad 1 smd rect (at -1 0) (size 1 1.25) (layers F.Cu F.Paste F.Mask)
      (net 5 OptionalOSCoutput))
    (model /home/josh/Formula/OEM_Preferred_Parts/3DModels/C_0805_OEM/C_0805.wrl
      (at (xyz 0 0 0))
      (scale (xyz 1 1 1))
      (rotate (xyz 0 0 0))
    )
  )

  (module footprints:C_0805_OEM (layer F.Cu) (tedit 60032B54) (tstamp 60031714)
    (at 166.751 121.666 270)
    (descr "Capacitor SMD 0805, reflow soldering, AVX (see smccp.pdf)")
    (tags "capacitor 0805")
    (path /5F97B20B)
    (attr smd)
    (fp_text reference C7 (at 2.9464 -0.1778 90) (layer F.SilkS)
      (effects (font (size 1 1) (thickness 0.15)))
    )
    (fp_text value 100n (at 5.9182 -0.127 90) (layer F.Fab) hide
      (effects (font (size 1 1) (thickness 0.15)))
    )
    (fp_line (start -1 0.62) (end -1 -0.62) (layer F.Fab) (width 0.1))
    (fp_line (start 1 0.62) (end -1 0.62) (layer F.Fab) (width 0.1))
    (fp_line (start 1 -0.62) (end 1 0.62) (layer F.Fab) (width 0.1))
    (fp_line (start -1 -0.62) (end 1 -0.62) (layer F.Fab) (width 0.1))
    (fp_line (start 0.5 -0.85) (end -0.5 -0.85) (layer F.SilkS) (width 0.12))
    (fp_line (start -0.5 0.85) (end 0.5 0.85) (layer F.SilkS) (width 0.12))
    (fp_line (start -1.75 -0.88) (end 1.75 -0.88) (layer F.CrtYd) (width 0.05))
    (fp_line (start -1.75 -0.88) (end -1.75 0.87) (layer F.CrtYd) (width 0.05))
    (fp_line (start 1.75 0.87) (end 1.75 -0.88) (layer F.CrtYd) (width 0.05))
    (fp_line (start 1.75 0.87) (end -1.75 0.87) (layer F.CrtYd) (width 0.05))
    (pad 2 smd rect (at 1 0 270) (size 1 1.25) (layers F.Cu F.Paste F.Mask)
      (net 1 GND))
    (pad 1 smd rect (at -1 0 270) (size 1 1.25) (layers F.Cu F.Paste F.Mask)
      (net 2 VDD))
    (model /home/josh/Formula/OEM_Preferred_Parts/3DModels/C_0805_OEM/C_0805.wrl
      (at (xyz 0 0 0))
      (scale (xyz 1 1 1))
      (rotate (xyz 0 0 0))
    )
  )

  (module footprints:C_0805_OEM (layer F.Cu) (tedit 60032B5E) (tstamp 60031724)
    (at 170.688 121.666 270)
    (descr "Capacitor SMD 0805, reflow soldering, AVX (see smccp.pdf)")
    (tags "capacitor 0805")
    (path /60279C52)
    (attr smd)
    (fp_text reference C8 (at 2.9464 -0.0508 90) (layer F.SilkS)
      (effects (font (size 1 1) (thickness 0.15)))
    )
    (fp_text value 10u (at 5.4356 0.0508 90) (layer F.Fab) hide
      (effects (font (size 1 1) (thickness 0.15)))
    )
    (fp_line (start 1.75 0.87) (end -1.75 0.87) (layer F.CrtYd) (width 0.05))
    (fp_line (start 1.75 0.87) (end 1.75 -0.88) (layer F.CrtYd) (width 0.05))
    (fp_line (start -1.75 -0.88) (end -1.75 0.87) (layer F.CrtYd) (width 0.05))
    (fp_line (start -1.75 -0.88) (end 1.75 -0.88) (layer F.CrtYd) (width 0.05))
    (fp_line (start -0.5 0.85) (end 0.5 0.85) (layer F.SilkS) (width 0.12))
    (fp_line (start 0.5 -0.85) (end -0.5 -0.85) (layer F.SilkS) (width 0.12))
    (fp_line (start -1 -0.62) (end 1 -0.62) (layer F.Fab) (width 0.1))
    (fp_line (start 1 -0.62) (end 1 0.62) (layer F.Fab) (width 0.1))
    (fp_line (start 1 0.62) (end -1 0.62) (layer F.Fab) (width 0.1))
    (fp_line (start -1 0.62) (end -1 -0.62) (layer F.Fab) (width 0.1))
    (pad 1 smd rect (at -1 0 270) (size 1 1.25) (layers F.Cu F.Paste F.Mask)
      (net 2 VDD))
    (pad 2 smd rect (at 1 0 270) (size 1 1.25) (layers F.Cu F.Paste F.Mask)
      (net 1 GND))
    (model /home/josh/Formula/OEM_Preferred_Parts/3DModels/C_0805_OEM/C_0805.wrl
      (at (xyz 0 0 0))
      (scale (xyz 1 1 1))
      (rotate (xyz 0 0 0))
    )
  )

  (module footprints:C_0805_OEM (layer F.Cu) (tedit 60032B4F) (tstamp 60031734)
    (at 162.814 121.666 270)
    (descr "Capacitor SMD 0805, reflow soldering, AVX (see smccp.pdf)")
    (tags "capacitor 0805")
    (path /60279C54)
    (attr smd)
    (fp_text reference C9 (at 2.9464 -0.3556 90) (layer F.SilkS)
      (effects (font (size 1 1) (thickness 0.15)))
    )
    (fp_text value 100n (at 5.9182 -0.5842 90) (layer F.Fab) hide
      (effects (font (size 1 1) (thickness 0.15)))
    )
    (fp_line (start 1.75 0.87) (end -1.75 0.87) (layer F.CrtYd) (width 0.05))
    (fp_line (start 1.75 0.87) (end 1.75 -0.88) (layer F.CrtYd) (width 0.05))
    (fp_line (start -1.75 -0.88) (end -1.75 0.87) (layer F.CrtYd) (width 0.05))
    (fp_line (start -1.75 -0.88) (end 1.75 -0.88) (layer F.CrtYd) (width 0.05))
    (fp_line (start -0.5 0.85) (end 0.5 0.85) (layer F.SilkS) (width 0.12))
    (fp_line (start 0.5 -0.85) (end -0.5 -0.85) (layer F.SilkS) (width 0.12))
    (fp_line (start -1 -0.62) (end 1 -0.62) (layer F.Fab) (width 0.1))
    (fp_line (start 1 -0.62) (end 1 0.62) (layer F.Fab) (width 0.1))
    (fp_line (start 1 0.62) (end -1 0.62) (layer F.Fab) (width 0.1))
    (fp_line (start -1 0.62) (end -1 -0.62) (layer F.Fab) (width 0.1))
    (pad 1 smd rect (at -1 0 270) (size 1 1.25) (layers F.Cu F.Paste F.Mask)
      (net 6 "Net-(C9-Pad1)"))
    (pad 2 smd rect (at 1 0 270) (size 1 1.25) (layers F.Cu F.Paste F.Mask)
      (net 1 GND))
    (model /home/josh/Formula/OEM_Preferred_Parts/3DModels/C_0805_OEM/C_0805.wrl
      (at (xyz 0 0 0))
      (scale (xyz 1 1 1))
      (rotate (xyz 0 0 0))
    )
  )

  (module footprints:R_0805_OEM (layer F.Cu) (tedit 60033A85) (tstamp 60031744)
    (at 129.032 119.126)
    (descr "Resistor SMD 0805, reflow soldering, Vishay (see dcrcw.pdf)")
    (tags "resistor 0805")
    (path /5F893414)
    (attr smd)
    (fp_text reference R1 (at -2.6924 0) (layer F.SilkS)
      (effects (font (size 1 1) (thickness 0.15)))
    )
    (fp_text value "Optional 10k" (at -8.5725 5.8674) (layer F.Fab) hide
      (effects (font (size 1 1) (thickness 0.15)))
    )
    (fp_line (start 1.55 0.9) (end -1.55 0.9) (layer F.CrtYd) (width 0.05))
    (fp_line (start 1.55 0.9) (end 1.55 -0.9) (layer F.CrtYd) (width 0.05))
    (fp_line (start -1.55 -0.9) (end -1.55 0.9) (layer F.CrtYd) (width 0.05))
    (fp_line (start -1.55 -0.9) (end 1.55 -0.9) (layer F.CrtYd) (width 0.05))
    (fp_line (start -0.6 -0.88) (end 0.6 -0.88) (layer F.SilkS) (width 0.12))
    (fp_line (start 0.6 0.88) (end -0.6 0.88) (layer F.SilkS) (width 0.12))
    (fp_line (start -1 -0.62) (end 1 -0.62) (layer F.Fab) (width 0.1))
    (fp_line (start 1 -0.62) (end 1 0.62) (layer F.Fab) (width 0.1))
    (fp_line (start 1 0.62) (end -1 0.62) (layer F.Fab) (width 0.1))
    (fp_line (start -1 0.62) (end -1 -0.62) (layer F.Fab) (width 0.1))
    (pad 1 smd rect (at -0.95 0) (size 0.7 1.3) (layers F.Cu F.Paste F.Mask)
      (net 2 VDD))
    (pad 2 smd rect (at 0.95 0) (size 0.7 1.3) (layers F.Cu F.Paste F.Mask)
      (net 7 nRESET))
    (model "/home/josh/Formula/OEM_Preferred_Parts/3DModels/WRL Files/res0805.wrl"
      (at (xyz 0 0 0))
      (scale (xyz 1 1 1))
      (rotate (xyz 0 0 0))
    )
  )

  (module footprints:R_0805_OEM (layer F.Cu) (tedit 60071D3A) (tstamp 60031754)
    (at 134.874 125.984 180)
    (descr "Resistor SMD 0805, reflow soldering, Vishay (see dcrcw.pdf)")
    (tags "resistor 0805")
    (path /5F892DB2)
    (attr smd)
    (fp_text reference R2 (at 0 -1.778) (layer F.SilkS)
      (effects (font (size 1 1) (thickness 0.15)))
    )
    (fp_text value "Pull-up 10k" (at 2.3495 -2.5527 180) (layer F.Fab) hide
      (effects (font (size 1 1) (thickness 0.15)))
    )
    (fp_line (start -1 0.62) (end -1 -0.62) (layer F.Fab) (width 0.1))
    (fp_line (start 1 0.62) (end -1 0.62) (layer F.Fab) (width 0.1))
    (fp_line (start 1 -0.62) (end 1 0.62) (layer F.Fab) (width 0.1))
    (fp_line (start -1 -0.62) (end 1 -0.62) (layer F.Fab) (width 0.1))
    (fp_line (start 0.6 0.88) (end -0.6 0.88) (layer F.SilkS) (width 0.12))
    (fp_line (start -0.6 -0.88) (end 0.6 -0.88) (layer F.SilkS) (width 0.12))
    (fp_line (start -1.55 -0.9) (end 1.55 -0.9) (layer F.CrtYd) (width 0.05))
    (fp_line (start -1.55 -0.9) (end -1.55 0.9) (layer F.CrtYd) (width 0.05))
    (fp_line (start 1.55 0.9) (end 1.55 -0.9) (layer F.CrtYd) (width 0.05))
    (fp_line (start 1.55 0.9) (end -1.55 0.9) (layer F.CrtYd) (width 0.05))
    (pad 2 smd rect (at 0.95 0 180) (size 0.7 1.3) (layers F.Cu F.Paste F.Mask)
      (net 8 nBOOT_LOAD_PIN))
    (pad 1 smd rect (at -0.95 0 180) (size 0.7 1.3) (layers F.Cu F.Paste F.Mask)
      (net 2 VDD))
    (model "/home/josh/Formula/OEM_Preferred_Parts/3DModels/WRL Files/res0805.wrl"
      (at (xyz 0 0 0))
      (scale (xyz 1 1 1))
      (rotate (xyz 0 0 0))
    )
  )

  (module footprints:R_0805_OEM (layer F.Cu) (tedit 60071D5C) (tstamp 60031764)
    (at 140.081 113.665 180)
    (descr "Resistor SMD 0805, reflow soldering, Vishay (see dcrcw.pdf)")
    (tags "resistor 0805")
    (path /5F8925D6)
    (attr smd)
    (fp_text reference R3 (at -0.127 1.651 180) (layer F.SilkS)
      (effects (font (size 1 1) (thickness 0.15)))
    )
    (fp_text value Rpull (at 1.0795 3.1496 270) (layer F.Fab) hide
      (effects (font (size 1 1) (thickness 0.15)))
    )
    (fp_line (start 1.55 0.9) (end -1.55 0.9) (layer F.CrtYd) (width 0.05))
    (fp_line (start 1.55 0.9) (end 1.55 -0.9) (layer F.CrtYd) (width 0.05))
    (fp_line (start -1.55 -0.9) (end -1.55 0.9) (layer F.CrtYd) (width 0.05))
    (fp_line (start -1.55 -0.9) (end 1.55 -0.9) (layer F.CrtYd) (width 0.05))
    (fp_line (start -0.6 -0.88) (end 0.6 -0.88) (layer F.SilkS) (width 0.12))
    (fp_line (start 0.6 0.88) (end -0.6 0.88) (layer F.SilkS) (width 0.12))
    (fp_line (start -1 -0.62) (end 1 -0.62) (layer F.Fab) (width 0.1))
    (fp_line (start 1 -0.62) (end 1 0.62) (layer F.Fab) (width 0.1))
    (fp_line (start 1 0.62) (end -1 0.62) (layer F.Fab) (width 0.1))
    (fp_line (start -1 0.62) (end -1 -0.62) (layer F.Fab) (width 0.1))
    (pad 1 smd rect (at -0.95 0 180) (size 0.7 1.3) (layers F.Cu F.Paste F.Mask)
      (net 2 VDD))
    (pad 2 smd rect (at 0.95 0 180) (size 0.7 1.3) (layers F.Cu F.Paste F.Mask)
      (net 9 SDA_TEENSY))
    (model "/home/josh/Formula/OEM_Preferred_Parts/3DModels/WRL Files/res0805.wrl"
      (at (xyz 0 0 0))
      (scale (xyz 1 1 1))
      (rotate (xyz 0 0 0))
    )
  )

  (module footprints:R_0805_OEM (layer F.Cu) (tedit 60071D63) (tstamp 60031774)
    (at 134.747 113.665)
    (descr "Resistor SMD 0805, reflow soldering, Vishay (see dcrcw.pdf)")
    (tags "resistor 0805")
    (path /5F891E2A)
    (attr smd)
    (fp_text reference R4 (at -0.254 -1.651) (layer F.SilkS)
      (effects (font (size 1 1) (thickness 0.15)))
    )
    (fp_text value Rpull (at -1.9812 -3.2004 90) (layer F.Fab) hide
      (effects (font (size 1 1) (thickness 0.15)))
    )
    (fp_line (start -1 0.62) (end -1 -0.62) (layer F.Fab) (width 0.1))
    (fp_line (start 1 0.62) (end -1 0.62) (layer F.Fab) (width 0.1))
    (fp_line (start 1 -0.62) (end 1 0.62) (layer F.Fab) (width 0.1))
    (fp_line (start -1 -0.62) (end 1 -0.62) (layer F.Fab) (width 0.1))
    (fp_line (start 0.6 0.88) (end -0.6 0.88) (layer F.SilkS) (width 0.12))
    (fp_line (start -0.6 -0.88) (end 0.6 -0.88) (layer F.SilkS) (width 0.12))
    (fp_line (start -1.55 -0.9) (end 1.55 -0.9) (layer F.CrtYd) (width 0.05))
    (fp_line (start -1.55 -0.9) (end -1.55 0.9) (layer F.CrtYd) (width 0.05))
    (fp_line (start 1.55 0.9) (end 1.55 -0.9) (layer F.CrtYd) (width 0.05))
    (fp_line (start 1.55 0.9) (end -1.55 0.9) (layer F.CrtYd) (width 0.05))
    (pad 2 smd rect (at 0.95 0) (size 0.7 1.3) (layers F.Cu F.Paste F.Mask)
      (net 10 SCL_TEENSY))
    (pad 1 smd rect (at -0.95 0) (size 0.7 1.3) (layers F.Cu F.Paste F.Mask)
      (net 2 VDD))
    (model "/home/josh/Formula/OEM_Preferred_Parts/3DModels/WRL Files/res0805.wrl"
      (at (xyz 0 0 0))
      (scale (xyz 1 1 1))
      (rotate (xyz 0 0 0))
    )
  )

  (module MPL3115A2_barometer:MPL3115A2 (layer F.Cu) (tedit 60071DF1) (tstamp 600317D5)
    (at 162.5346 115.8494 270)
    (path /5FF5B454)
    (fp_text reference U2 (at -0.0254 -3.8354 180) (layer F.SilkS)
      (effects (font (size 1 1) (thickness 0.15)))
    )
    (fp_text value MPL3115A2 (at 1.0668 -6.5278 270) (layer F.Fab)
      (effects (font (size 1 1) (thickness 0.15)))
    )
    (fp_line (start -1.5 -2.5) (end 1.5 -2.5) (layer F.SilkS) (width 0.12))
    (fp_line (start 1.5 -2.5) (end 1.5 2.5) (layer F.SilkS) (width 0.12))
    (fp_line (start 1.5 2.5) (end -1.5 2.5) (layer F.SilkS) (width 0.12))
    (fp_line (start -1.5 2.5) (end -1.5 -2.5) (layer F.SilkS) (width 0.12))
    (pad 1 smd rect (at 1.125 -1.875 270) (size 0.95 0.55) (layers F.Cu F.Paste F.Mask)
      (net 2 VDD))
    (pad 2 smd rect (at 1.125 -0.625 270) (size 0.95 0.55) (layers F.Cu F.Paste F.Mask)
      (net 6 "Net-(C9-Pad1)"))
    (pad 3 smd rect (at 1.125 0.625 270) (size 0.95 0.55) (layers F.Cu F.Paste F.Mask)
      (net 1 GND))
    (pad 4 smd rect (at 1.125 1.875 270) (size 0.95 0.55) (layers F.Cu F.Paste F.Mask)
      (net 2 VDD))
    (pad 5 smd rect (at -1.125 1.875 270) (size 0.95 0.55) (layers F.Cu F.Paste F.Mask)
      (net 11 INT2_MPL3115A2))
    (pad 6 smd rect (at -1.125 0.625 270) (size 0.95 0.55) (layers F.Cu F.Paste F.Mask)
      (net 12 INT1_MPL3115A2))
    (pad 7 smd rect (at -1.125 -0.625 270) (size 0.95 0.55) (layers F.Cu F.Paste F.Mask)
      (net 9 SDA_TEENSY))
    (pad 8 smd rect (at -1.125 -1.875 270) (size 0.95 0.55) (layers F.Cu F.Paste F.Mask)
      (net 10 SCL_TEENSY))
  )

  (module footprints:Teensy3-6 (layer F.Cu) (tedit 60032B8B) (tstamp 6003184A)
    (at 144.653 94.996)
    (path /60876FE4)
    (fp_text reference U3 (at 0 -10.16) (layer F.SilkS)
      (effects (font (size 1 1) (thickness 0.15)))
    )
    (fp_text value Teensy3.6 (at 22.2758 10.414) (layer F.Fab)
      (effects (font (size 1 1) (thickness 0.15)))
    )
    (fp_line (start -13.97 -3.81) (end -13.97 -1.27) (layer F.SilkS) (width 0.15))
    (fp_line (start -13.97 -1.27) (end -11.43 -1.27) (layer F.SilkS) (width 0.15))
    (fp_line (start -11.43 -1.27) (end -11.43 -3.81) (layer F.SilkS) (width 0.15))
    (fp_line (start -11.43 -3.81) (end -13.97 -3.81) (layer F.SilkS) (width 0.15))
    (fp_line (start -6.35 5.08) (end -10.16 5.08) (layer F.SilkS) (width 0.15))
    (fp_line (start -10.16 5.08) (end -10.16 2.54) (layer F.SilkS) (width 0.15))
    (fp_line (start -10.16 2.54) (end -6.35 2.54) (layer F.SilkS) (width 0.15))
    (fp_line (start -6.35 2.54) (end -6.35 5.08) (layer F.SilkS) (width 0.15))
    (fp_line (start 7.62 6.35) (end 7.62 -6.35) (layer F.SilkS) (width 0.15))
    (fp_line (start -5.08 -6.35) (end -5.08 6.35) (layer F.SilkS) (width 0.15))
    (fp_line (start -5.08 6.35) (end 7.62 6.35) (layer F.SilkS) (width 0.15))
    (fp_line (start -5.08 -6.35) (end 7.62 -6.35) (layer F.SilkS) (width 0.15))
    (fp_line (start 29.21 5.08) (end 30.48 5.08) (layer F.SilkS) (width 0.15))
    (fp_line (start 29.21 3.81) (end 30.48 3.81) (layer F.SilkS) (width 0.15))
    (fp_line (start 29.21 2.54) (end 30.48 2.54) (layer F.SilkS) (width 0.15))
    (fp_line (start 29.21 1.27) (end 30.48 1.27) (layer F.SilkS) (width 0.15))
    (fp_line (start 29.21 0) (end 30.48 0) (layer F.SilkS) (width 0.15))
    (fp_line (start 29.21 -1.27) (end 30.48 -1.27) (layer F.SilkS) (width 0.15))
    (fp_line (start 29.21 -2.54) (end 30.48 -2.54) (layer F.SilkS) (width 0.15))
    (fp_line (start 29.21 -3.81) (end 30.48 -3.81) (layer F.SilkS) (width 0.15))
    (fp_line (start 29.21 -5.08) (end 30.48 -5.08) (layer F.SilkS) (width 0.15))
    (fp_line (start 30.48 6.35) (end 29.21 5.08) (layer F.SilkS) (width 0.15))
    (fp_line (start 29.21 5.08) (end 29.21 -5.08) (layer F.SilkS) (width 0.15))
    (fp_line (start 29.21 -5.08) (end 30.48 -6.35) (layer F.SilkS) (width 0.15))
    (fp_line (start 30.48 -6.35) (end 17.78 -6.35) (layer F.SilkS) (width 0.15))
    (fp_line (start 17.78 -6.35) (end 17.78 6.35) (layer F.SilkS) (width 0.15))
    (fp_line (start 17.78 6.35) (end 30.48 6.35) (layer F.SilkS) (width 0.15))
    (fp_line (start 30.48 -8.89) (end -30.48 -8.89) (layer F.SilkS) (width 0.15))
    (fp_line (start -30.48 8.89) (end 30.48 8.89) (layer F.SilkS) (width 0.15))
    (fp_line (start -30.48 3.81) (end -31.75 3.81) (layer F.SilkS) (width 0.15))
    (fp_line (start -31.75 3.81) (end -31.75 -3.81) (layer F.SilkS) (width 0.15))
    (fp_line (start -31.75 -3.81) (end -30.48 -3.81) (layer F.SilkS) (width 0.15))
    (fp_line (start -25.4 3.81) (end -25.4 -3.81) (layer F.SilkS) (width 0.15))
    (fp_line (start -25.4 -3.81) (end -30.48 -3.81) (layer F.SilkS) (width 0.15))
    (fp_line (start -25.4 3.81) (end -30.48 3.81) (layer F.SilkS) (width 0.15))
    (fp_line (start 13.97 -2.54) (end 13.97 2.54) (layer F.SilkS) (width 0.15))
    (fp_line (start 13.97 2.54) (end 11.43 2.54) (layer F.SilkS) (width 0.15))
    (fp_line (start 11.43 2.54) (end 11.43 -2.54) (layer F.SilkS) (width 0.15))
    (fp_line (start 11.43 -2.54) (end 13.97 -2.54) (layer F.SilkS) (width 0.15))
    (fp_line (start 30.48 -8.89) (end 30.48 8.89) (layer F.SilkS) (width 0.15))
    (fp_line (start -30.48 8.89) (end -30.48 -8.89) (layer F.SilkS) (width 0.15))
    (fp_poly (pts (xy 1.016 -4.953) (xy 1.27 -4.699) (xy 0.889 -4.445) (xy 0.635 -4.699)) (layer F.SilkS) (width 0.1))
    (fp_poly (pts (xy 0.762 -3.429) (xy 1.016 -3.175) (xy 0.635 -2.921) (xy 0.381 -3.175)) (layer F.SilkS) (width 0.1))
    (fp_poly (pts (xy 0.635 -2.667) (xy 0.889 -2.413) (xy 0.508 -2.159) (xy 0.254 -2.413)) (layer F.SilkS) (width 0.1))
    (fp_poly (pts (xy 1.778 -4.191) (xy 2.032 -3.937) (xy 1.651 -3.683) (xy 1.397 -3.937)) (layer F.SilkS) (width 0.1))
    (fp_poly (pts (xy 1.143 -3.048) (xy 1.397 -2.794) (xy 1.016 -2.54) (xy 0.762 -2.794)) (layer F.SilkS) (width 0.1))
    (fp_poly (pts (xy 1.651 -3.429) (xy 1.905 -3.175) (xy 1.524 -2.921) (xy 1.27 -3.175)) (layer F.SilkS) (width 0.1))
    (fp_poly (pts (xy 1.397 -4.572) (xy 1.651 -4.318) (xy 1.27 -4.064) (xy 1.016 -4.318)) (layer F.SilkS) (width 0.1))
    (fp_poly (pts (xy 1.27 -3.81) (xy 1.524 -3.556) (xy 1.143 -3.302) (xy 0.889 -3.556)) (layer F.SilkS) (width 0.1))
    (fp_text user MK66FX1MBVMD18/ (at 1.27 0) (layer F.SilkS)
      (effects (font (size 0.7 0.7) (thickness 0.15)))
    )
    (fp_text user MK64FX512VMD12 (at 1.27 1.143) (layer F.SilkS)
      (effects (font (size 0.7 0.7) (thickness 0.15)))
    )
    (pad 17 thru_hole circle (at 11.43 7.62) (size 1.6 1.6) (drill 1.1) (layers *.Cu *.Mask)
      (net 12 INT1_MPL3115A2))
    (pad 18 thru_hole circle (at 13.97 7.62) (size 1.6 1.6) (drill 1.1) (layers *.Cu *.Mask))
    (pad 19 thru_hole circle (at 16.51 7.62) (size 1.6 1.6) (drill 1.1) (layers *.Cu *.Mask))
    (pad 20 thru_hole circle (at 19.05 7.62) (size 1.6 1.6) (drill 1.1) (layers *.Cu *.Mask))
    (pad 16 thru_hole circle (at 8.89 7.62) (size 1.6 1.6) (drill 1.1) (layers *.Cu *.Mask)
      (net 11 INT2_MPL3115A2))
    (pad 15 thru_hole circle (at 6.35 7.62) (size 1.6 1.6) (drill 1.1) (layers *.Cu *.Mask)
      (net 2 VDD))
    (pad 14 thru_hole circle (at 3.81 7.62) (size 1.6 1.6) (drill 1.1) (layers *.Cu *.Mask))
    (pad 21 thru_hole circle (at 21.59 7.62) (size 1.6 1.6) (drill 1.1) (layers *.Cu *.Mask))
    (pad 22 thru_hole circle (at 24.13 7.62) (size 1.6 1.6) (drill 1.1) (layers *.Cu *.Mask))
    (pad 23 thru_hole circle (at 26.67 7.62) (size 1.6 1.6) (drill 1.1) (layers *.Cu *.Mask))
    (pad 24 thru_hole circle (at 29.21 7.62) (size 1.6 1.6) (drill 1.1) (layers *.Cu *.Mask))
    (pad 25 thru_hole circle (at 16.51 5.08) (size 1.6 1.6) (drill 1.1) (layers *.Cu *.Mask))
    (pad 26 thru_hole circle (at 16.51 2.54) (size 1.6 1.6) (drill 1.1) (layers *.Cu *.Mask))
    (pad 27 thru_hole circle (at 16.51 0) (size 1.6 1.6) (drill 1.1) (layers *.Cu *.Mask))
    (pad 28 thru_hole circle (at 16.51 -2.54) (size 1.6 1.6) (drill 1.1) (layers *.Cu *.Mask))
    (pad 29 thru_hole circle (at 16.51 -5.08) (size 1.6 1.6) (drill 1.1) (layers *.Cu *.Mask))
    (pad 30 thru_hole circle (at 29.21 -7.62) (size 1.6 1.6) (drill 1.1) (layers *.Cu *.Mask))
    (pad 31 thru_hole circle (at 26.67 -7.62) (size 1.6 1.6) (drill 1.1) (layers *.Cu *.Mask))
    (pad 32 thru_hole circle (at 24.13 -7.62) (size 1.6 1.6) (drill 1.1) (layers *.Cu *.Mask))
    (pad 33 thru_hole circle (at 21.59 -7.62) (size 1.6 1.6) (drill 1.1) (layers *.Cu *.Mask))
    (pad 34 thru_hole circle (at 19.05 -7.62) (size 1.6 1.6) (drill 1.1) (layers *.Cu *.Mask))
    (pad 35 thru_hole circle (at 16.51 -7.62) (size 1.6 1.6) (drill 1.1) (layers *.Cu *.Mask))
    (pad 36 thru_hole circle (at 13.97 -7.62) (size 1.6 1.6) (drill 1.1) (layers *.Cu *.Mask))
    (pad 37 thru_hole circle (at 11.43 -7.62) (size 1.6 1.6) (drill 1.1) (layers *.Cu *.Mask))
    (pad 13 thru_hole circle (at 1.27 7.62) (size 1.6 1.6) (drill 1.1) (layers *.Cu *.Mask)
      (net 13 COM3))
    (pad 12 thru_hole circle (at -1.27 7.62) (size 1.6 1.6) (drill 1.1) (layers *.Cu *.Mask))
    (pad 11 thru_hole circle (at -3.81 7.62) (size 1.6 1.6) (drill 1.1) (layers *.Cu *.Mask))
    (pad 10 thru_hole circle (at -6.35 7.62) (size 1.6 1.6) (drill 1.1) (layers *.Cu *.Mask)
      (net 9 SDA_TEENSY))
    (pad 9 thru_hole circle (at -8.89 7.62) (size 1.6 1.6) (drill 1.1) (layers *.Cu *.Mask)
      (net 10 SCL_TEENSY))
    (pad 8 thru_hole circle (at -11.43 7.62) (size 1.6 1.6) (drill 1.1) (layers *.Cu *.Mask)
      (net 14 INT_BNO055))
    (pad 7 thru_hole circle (at -13.97 7.62) (size 1.6 1.6) (drill 1.1) (layers *.Cu *.Mask)
      (net 7 nRESET))
    (pad 6 thru_hole circle (at -16.51 7.62) (size 1.6 1.6) (drill 1.1) (layers *.Cu *.Mask))
    (pad 5 thru_hole circle (at -19.05 7.62) (size 1.6 1.6) (drill 1.1) (layers *.Cu *.Mask))
    (pad 4 thru_hole circle (at -21.59 7.62) (size 1.6 1.6) (drill 1.1) (layers *.Cu *.Mask)
      (net 8 nBOOT_LOAD_PIN))
    (pad 3 thru_hole circle (at -24.13 7.62) (size 1.6 1.6) (drill 1.1) (layers *.Cu *.Mask))
    (pad 2 thru_hole circle (at -26.67 7.62) (size 1.6 1.6) (drill 1.1) (layers *.Cu *.Mask))
    (pad 1 thru_hole rect (at -29.21 7.62) (size 1.6 1.6) (drill 1.1) (layers *.Cu *.Mask)
      (net 1 GND))
    (pad 38 thru_hole circle (at 8.89 -7.62) (size 1.6 1.6) (drill 1.1) (layers *.Cu *.Mask))
    (pad 39 thru_hole circle (at 6.35 -7.62) (size 1.6 1.6) (drill 1.1) (layers *.Cu *.Mask))
    (pad 40 thru_hole circle (at 3.81 -7.62) (size 1.6 1.6) (drill 1.1) (layers *.Cu *.Mask))
    (pad 41 thru_hole circle (at 1.27 -7.62) (size 1.6 1.6) (drill 1.1) (layers *.Cu *.Mask))
    (pad 42 thru_hole circle (at -1.27 -7.62) (size 1.6 1.6) (drill 1.1) (layers *.Cu *.Mask))
    (pad 43 thru_hole circle (at -3.81 -7.62) (size 1.6 1.6) (drill 1.1) (layers *.Cu *.Mask))
    (pad 44 thru_hole circle (at -6.35 -7.62) (size 1.6 1.6) (drill 1.1) (layers *.Cu *.Mask))
    (pad 45 thru_hole circle (at -8.89 -7.62) (size 1.6 1.6) (drill 1.1) (layers *.Cu *.Mask))
    (pad 46 thru_hole circle (at -11.43 -7.62) (size 1.6 1.6) (drill 1.1) (layers *.Cu *.Mask))
    (pad 47 thru_hole circle (at -13.97 -7.62) (size 1.6 1.6) (drill 1.1) (layers *.Cu *.Mask))
    (pad 48 thru_hole circle (at -16.51 -7.62) (size 1.6 1.6) (drill 1.1) (layers *.Cu *.Mask))
    (pad 49 thru_hole circle (at -19.05 -7.62) (size 1.6 1.6) (drill 1.1) (layers *.Cu *.Mask))
    (pad 50 thru_hole circle (at -21.59 -7.62) (size 1.6 1.6) (drill 1.1) (layers *.Cu *.Mask))
    (pad 51 thru_hole circle (at -24.13 -7.62) (size 1.6 1.6) (drill 1.1) (layers *.Cu *.Mask))
    (pad 52 thru_hole circle (at -26.67 -7.62) (size 1.6 1.6) (drill 1.1) (layers *.Cu *.Mask))
    (pad 53 thru_hole circle (at -29.21 -7.62) (size 1.6 1.6) (drill 1.1) (layers *.Cu *.Mask))
    (pad 54 thru_hole circle (at -26.67 -5.08) (size 1.6 1.6) (drill 1.1) (layers *.Cu *.Mask))
    (pad 55 thru_hole circle (at -21.59 -5.08) (size 1.6 1.6) (drill 1.1) (layers *.Cu *.Mask))
    (pad 56 thru_hole circle (at -19.05 -5.08) (size 1.6 1.6) (drill 1.1) (layers *.Cu *.Mask))
    (pad 57 thru_hole circle (at -16.51 -5.08) (size 1.6 1.6) (drill 1.1) (layers *.Cu *.Mask))
    (pad 58 thru_hole circle (at -22.86 4.62) (size 1.6 1.6) (drill 1.1) (layers *.Cu *.Mask))
    (pad 59 thru_hole circle (at -20.32 4.62) (size 1.6 1.6) (drill 1.1) (layers *.Cu *.Mask))
    (pad 60 thru_hole circle (at -17.78 4.62) (size 1.6 1.6) (drill 1.1) (layers *.Cu *.Mask))
    (pad 61 thru_hole circle (at -15.24 4.62) (size 1.6 1.6) (drill 1.1) (layers *.Cu *.Mask))
    (pad 62 thru_hole circle (at -12.7 4.62) (size 1.6 1.6) (drill 1.1) (layers *.Cu *.Mask))
    (model ${KICAD_USER_DIR}/teensy.pretty/Teensy_3.6_Assembly.STEP
      (offset (xyz -30.48 0 0))
      (scale (xyz 1 1 1))
      (rotate (xyz 0 0 0))
    )
  )

  (module footprints:FC-135_3.2x1.5mm (layer F.Cu) (tedit 60071D4C) (tstamp 60031856)
    (at 141.351 121.158 90)
    (path /6002B9D1)
    (fp_text reference Y1 (at 4.064 0 180) (layer F.SilkS)
      (effects (font (size 1 1) (thickness 0.15)))
    )
    (fp_text value Crystal_32kHz768 (at -8.0264 -0.1651 180) (layer F.Fab)
      (effects (font (size 1 1) (thickness 0.15)))
    )
    (fp_line (start -0.7 1.2) (end 3.2 1.2) (layer F.SilkS) (width 0.1))
    (fp_line (start -0.7 -1.2) (end 3.2 -1.2) (layer F.SilkS) (width 0.1))
    (fp_line (start -0.75 -1.15) (end -0.75 1.15) (layer F.CrtYd) (width 0.1))
    (fp_line (start 3.25 -1.15) (end 3.25 1.15) (layer F.CrtYd) (width 0.1))
    (fp_line (start -0.75 1.15) (end 3.25 1.15) (layer F.CrtYd) (width 0.1))
    (fp_line (start -0.75 -1.15) (end 3.25 -1.15) (layer F.CrtYd) (width 0.1))
    (pad 1 smd rect (at 0 0 90) (size 1 1.8) (layers F.Cu F.Paste F.Mask)
      (net 4 OptionalOSCinput))
    (pad 2 smd rect (at 2.5 0 90) (size 1 1.8) (layers F.Cu F.Paste F.Mask)
      (net 5 OptionalOSCoutput))
  )

  (module BNO055:BNO055 (layer F.Cu) (tedit 60071D41) (tstamp 600320B9)
    (at 137.1346 117.3734 270)
    (path /5F88CBB6)
    (fp_text reference U1 (at 6.1976 1.8796) (layer F.SilkS)
      (effects (font (size 1 1) (thickness 0.15)))
    )
    (fp_text value BNO055 (at 16.6624 20.9042 180) (layer F.Fab)
      (effects (font (size 1 1) (thickness 0.15)))
    )
    (fp_line (start 0 0) (end 5.2 0) (layer F.SilkS) (width 0.12))
    (fp_line (start 5.2 0) (end 5.2 3.8) (layer F.SilkS) (width 0.12))
    (fp_line (start 5.2 3.8) (end 0 3.8) (layer F.SilkS) (width 0.12))
    (fp_line (start 0 3.8) (end 0 0) (layer F.SilkS) (width 0.12))
    (pad 19 smd rect (at 0.2875 1.15 270) (size 0.375 0.25) (layers F.Cu F.Paste F.Mask)
      (net 10 SCL_TEENSY))
    (pad 20 smd rect (at 0.35 0.3375 270) (size 0.25 0.475) (layers F.Cu F.Paste F.Mask)
      (net 9 SDA_TEENSY))
    (pad 21 smd rect (at 0.85 0.3375 270) (size 0.25 0.475) (layers F.Cu F.Paste F.Mask))
    (pad 22 smd rect (at 1.35 0.3375 270) (size 0.25 0.475) (layers F.Cu F.Paste F.Mask))
    (pad 23 smd rect (at 1.85 0.3375 270) (size 0.25 0.475) (layers F.Cu F.Paste F.Mask))
    (pad 24 smd rect (at 2.35 0.3375 270) (size 0.25 0.475) (layers F.Cu F.Paste F.Mask))
    (pad 25 smd rect (at 2.85 0.3375 270) (size 0.25 0.475) (layers F.Cu F.Paste F.Mask)
      (net 1 GND))
    (pad 26 smd rect (at 3.35 0.3375 270) (size 0.25 0.475) (layers F.Cu F.Paste F.Mask)
      (net 5 OptionalOSCoutput))
    (pad 27 smd rect (at 3.85 0.3375 270) (size 0.25 0.475) (layers F.Cu F.Paste F.Mask)
      (net 4 OptionalOSCinput))
    (pad 28 smd rect (at 4.35 0.3375 270) (size 0.25 0.475) (layers F.Cu F.Paste F.Mask)
      (net 2 VDD))
    (pad 1 smd rect (at 4.85 0.3375 270) (size 0.25 0.475) (layers F.Cu F.Paste F.Mask))
    (pad 18 smd rect (at 0.2875 1.65 270) (size 0.375 0.25) (layers F.Cu F.Paste F.Mask)
      (net 1 GND))
    (pad 17 smd rect (at 0.2875 2.15 270) (size 0.375 0.25) (layers F.Cu F.Paste F.Mask)
      (net 13 COM3))
    (pad 16 smd rect (at 0.2875 2.65 270) (size 0.375 0.25) (layers F.Cu F.Paste F.Mask)
      (net 1 GND))
    (pad 2 smd rect (at 4.9125 1.15 90) (size 0.375 0.25) (layers F.Cu F.Paste F.Mask)
      (net 1 GND))
    (pad 3 smd rect (at 4.9125 1.65 90) (size 0.375 0.25) (layers F.Cu F.Paste F.Mask)
      (net 2 VDD))
    (pad 4 smd rect (at 4.9125 2.15 90) (size 0.375 0.25) (layers F.Cu F.Paste F.Mask)
      (net 8 nBOOT_LOAD_PIN))
